  270.00  2.8566e+02
  270.05  3.2898e+02
  270.10  3.4391e+02
  270.15  3.1290e+02
  270.20  2.6771e+02
  270.25  2.5136e+02
  270.30  2.7079e+02
  270.35  2.9499e+02
  270.40  3.0061e+02
  270.45  2.9640e+02
  270.50  3.0834e+02
  270.55  3.4099e+02
  270.60  3.2586e+02
  270.65  2.7851e+02
  270.70  2.5284e+02
  270.75  2.4665e+02
  270.80  2.6143e+02
  270.85  2.6517e+02
  270.90  2.5670e+02
  270.95  2.4838e+02
  271.00  2.6107e+02
  271.05  2.7200e+02
  271.10  2.7018e+02
  271.15  2.6367e+02
  271.20  2.5067e+02
  271.25  2.6805e+02
  271.30  2.8669e+02
  271.35  3.1839e+02
  271.40  3.0888e+02
  271.45  2.4076e+02
  271.50  1.9724e+02
  271.55  1.8688e+02
  271.60  2.0525e+02
  271.65  2.4389e+02
  271.70  2.5676e+02
  271.75  2.6356e+02
  271.80  2.5052e+02
  271.85  2.1294e+02
  271.90  1.6519e+02
  271.95  1.3207e+02
  272.00  1.1554e+02
  272.05  1.2300e+02
  272.10  1.2741e+02
  272.15  1.3684e+02
  272.20  1.5154e+02
  272.25  1.9120e+02
  272.30  2.1071e+02
  272.35  2.1462e+02
  272.40  2.0042e+02
  272.45  1.8218e+02
  272.50  1.8397e+02
  272.55  1.9279e+02
  272.60  2.0555e+02
  272.65  2.1607e+02
  272.70  2.1280e+02
  272.75  2.0417e+02
  272.80  1.8979e+02
  272.85  1.9610e+02
  272.90  2.4559e+02
  272.95  2.7439e+02
  273.00  3.2097e+02
  273.05  3.3096e+02
  273.10  2.8958e+02
  273.15  2.5517e+02
  273.20  2.5477e+02
  273.25  2.6429e+02
  273.30  2.6063e+02
  273.35  2.3558e+02
  273.40  1.9655e+02
  273.45  1.8253e+02
  273.50  1.9280e+02
  273.55  2.0667e+02
  273.60  2.1042e+02
  273.65  2.0813e+02
  273.70  1.8791e+02
  273.75  1.5170e+02
  273.80  1.2819e+02
  273.85  1.4336e+02
  273.90  1.7184e+02
  273.95  1.6284e+02
  274.00  1.3759e+02
  274.05  1.2088e+02
  274.10  1.3605e+02
  274.15  1.5989e+02
  274.20  1.6262e+02
  274.25  1.5070e+02
  274.30  1.2323e+02
  274.35  1.0261e+02
  274.40  9.8660e+01
  274.45  1.0323e+02
  274.50  1.2433e+02
  274.55  1.5708e+02
  274.60  1.8059e+02
  274.65  1.7323e+02
  274.70  1.2845e+02
  274.75  1.0800e+02
  274.80  1.1263e+02
  274.85  1.3654e+02
  274.90  1.5073e+02
  274.95  1.3037e+02
  275.00  9.9891e+01
  275.05  8.8031e+01
  275.10  1.0208e+02
  275.15  1.3863e+02
  275.20  1.8514e+02
  275.25  2.1851e+02
  275.30  2.3749e+02
  275.35  2.3774e+02
  275.40  2.1690e+02
  275.45  1.9609e+02
  275.50  1.7803e+02
  275.55  1.5835e+02
  275.60  1.2814e+02
  275.65  1.0749e+02
  275.70  1.0748e+02
  275.75  1.3908e+02
  275.80  1.8718e+02
  275.85  2.3958e+02
  275.90  2.8298e+02
  275.95  3.1444e+02
  276.00  2.9301e+02
  276.05  2.6957e+02
  276.10  2.6521e+02
  276.15  2.6788e+02
  276.20  2.4285e+02
  276.25  2.0805e+02
  276.30  1.8380e+02
  276.35  1.9658e+02
  276.40  2.3627e+02
  276.45  2.6379e+02
  276.50  2.8024e+02
  276.55  3.0520e+02
  276.60  3.1489e+02
  276.65  2.9803e+02
  276.70  2.6885e+02
  276.75  2.5236e+02
  276.80  2.4885e+02
  276.85  2.4412e+02
  276.90  2.3286e+02
  276.95  2.2225e+02
  277.00  2.2157e+02
  277.05  2.4612e+02
  277.10  2.7390e+02
  277.15  2.8886e+02
  277.20  2.8945e+02
  277.25  2.6755e+02
  277.30  2.4498e+02
  277.35  2.5037e+02
  277.40  2.8152e+02
  277.45  3.0053e+02
  277.50  2.9502e+02
  277.55  2.8127e+02
  277.60  2.6600e+02
  277.65  2.4989e+02
  277.70  2.3029e+02
  277.75  2.2128e+02
  277.80  2.2487e+02
  277.85  2.1301e+02
  277.90  1.8498e+02
  277.95  1.7504e+02
  278.00  1.7264e+02
  278.05  1.7062e+02
  278.10  1.6917e+02
  278.15  1.7045e+02
  278.20  1.7223e+02
  278.25  1.7868e+02
  278.30  1.8324e+02
  278.35  1.7563e+02
  278.40  1.6877e+02
  278.45  1.6785e+02
  278.50  1.7731e+02
  278.55  1.8375e+02
  278.60  1.8571e+02
  278.65  1.8545e+02
  278.70  1.8321e+02
  278.75  1.8141e+02
  278.80  1.7286e+02
  278.85  1.5335e+02
  278.90  1.4080e+02
  278.95  1.3582e+02
  279.00  1.3410e+02
  279.05  1.2603e+02
  279.10  1.1773e+02
  279.15  1.0906e+02
  279.20  1.0270e+02
  279.25  1.0102e+02
  279.30  9.2245e+01
  279.35  8.6764e+01
  279.40  7.6693e+01
  279.45  7.0882e+01
  279.50  6.5179e+01
  279.55  7.1501e+01
  279.60  9.2441e+01
  279.65  1.0006e+02
  279.70  8.6903e+01
  279.75  6.6005e+01
  279.80  6.1619e+01
  279.85  6.4235e+01
  279.90  6.8987e+01
  279.95  7.7978e+01
  280.00  8.5188e+01
  280.05  8.8625e+01
  280.10  8.6294e+01
  280.15  7.8224e+01
  280.20  7.0920e+01
  280.25  7.4787e+01
  280.30  8.1069e+01
  280.35  8.7903e+01
  280.40  8.1309e+01
  280.45  7.4877e+01
  280.50  7.4361e+01
  280.55  8.5532e+01
  280.60  1.0036e+02
  280.65  1.0979e+02
  280.70  1.1433e+02
  280.75  1.2290e+02
  280.80  1.3338e+02
  280.85  1.4615e+02
  280.90  1.5463e+02
  280.95  1.6468e+02
  281.00  1.7552e+02
  281.05  1.8151e+02
  281.10  1.8117e+02
  281.15  1.7867e+02
  281.20  1.7818e+02
  281.25  1.8003e+02
  281.30  1.8106e+02
  281.35  1.8162e+02
  281.40  1.9936e+02
  281.45  2.3506e+02
  281.50  2.4869e+02
  281.55  2.6922e+02
  281.60  2.6834e+02
  281.65  2.6127e+02
  281.70  2.5316e+02
  281.75  2.4832e+02
  281.80  2.5045e+02
  281.85  2.6216e+02
  281.90  2.7315e+02
  281.95  2.8094e+02
  282.00  2.9498e+02
  282.05  3.0776e+02
  282.10  3.1012e+02
  282.15  3.0790e+02
  282.20  2.9960e+02
  282.25  2.9511e+02
  282.30  2.9153e+02
  282.35  3.0162e+02
  282.40  3.2315e+02
  282.45  3.4745e+02
  282.50  3.5792e+02
  282.55  3.2601e+02
  282.60  2.8928e+02
  282.65  2.8491e+02
  282.70  2.9804e+02
  282.75  3.1192e+02
  282.80  3.1732e+02
  282.85  3.1856e+02
  282.90  3.2502e+02
  282.95  3.3364e+02
  283.00  3.5101e+02
  283.05  3.6709e+02
  283.10  3.6289e+02
  283.15  3.6083e+02
  283.20  3.5742e+02
  283.25  3.4800e+02
  283.30  3.3221e+02
  283.35  3.3278e+02
  283.40  3.5167e+02
  283.45  3.4744e+02
  283.50  3.2321e+02
  283.55  2.8809e+02
  283.60  2.5100e+02
  283.65  2.4639e+02
  283.70  3.0757e+02
  283.75  3.4992e+02
  283.80  3.6867e+02
  283.85  3.6904e+02
  283.90  3.6001e+02
  283.95  3.5008e+02
  284.00  3.4683e+02
  284.05  3.2801e+02
  284.10  2.9542e+02
  284.15  2.8529e+02
  284.20  3.0569e+02
  284.25  3.3430e+02
  284.30  3.2638e+02
  284.35  2.7442e+02
  284.40  2.2969e+02
  284.45  2.2262e+02
  284.50  2.6748e+02
  284.55  3.0363e+02
  284.60  2.8611e+02
  284.65  2.6013e+02
  284.70  2.3339e+02
  284.75  2.1890e+02
  284.80  2.0151e+02
  284.85  1.8926e+02
  284.90  1.6392e+02
  284.95  1.4423e+02
  285.00  1.2930e+02
  285.05  1.2003e+02
  285.10  1.0448e+02
  285.15  8.9748e+01
  285.20  7.3143e+01
  285.25  6.0617e+01
  285.30  5.1294e+01
  285.35  5.6210e+01
  285.40  7.3552e+01
  285.45  8.9660e+01
  285.50  1.0691e+02
  285.55  1.2696e+02
  285.60  1.4135e+02
  285.65  1.5287e+02
  285.70  1.6674e+02
  285.75  1.9166e+02
  285.80  2.1702e+02
  285.85  2.2402e+02
  285.90  2.2638e+02
  285.95  2.5198e+02
  286.00  2.9984e+02
  286.05  3.2703e+02
  286.10  3.3792e+02
  286.15  3.3209e+02
  286.20  3.3550e+02
  286.25  3.4034e+02
  286.30  3.3763e+02
  286.35  3.3328e+02
  286.40  3.5235e+02
  286.45  3.6881e+02
  286.50  3.8254e+02
  286.55  3.7459e+02
  286.60  3.6473e+02
  286.65  3.7538e+02
  286.70  3.8028e+02
  286.75  3.5969e+02
  286.80  3.2409e+02
  286.85  3.1489e+02
  286.90  3.1271e+02
  286.95  3.0343e+02
  287.00  3.0238e+02
  287.05  3.3858e+02
  287.10  3.8623e+02
  287.15  4.2397e+02
  287.20  4.5662e+02
  287.25  4.6236e+02
  287.30  4.4258e+02
  287.35  4.2622e+02
  287.40  3.8951e+02
  287.45  3.6182e+02
  287.50  3.6448e+02
  287.55  3.8206e+02
  287.60  3.7796e+02
  287.65  3.4752e+02
  287.70  3.3115e+02
  287.75  3.4110e+02
  287.80  3.6901e+02
  287.85  3.6970e+02
  287.90  3.4484e+02
  287.95  3.0866e+02
  288.00  2.7066e+02
  288.05  2.4557e+02
  288.10  2.1576e+02
  288.15  1.7017e+02
  288.20  1.4141e+02
  288.25  1.3073e+02
  288.30  1.6855e+02
  288.35  2.1290e+02
  288.40  2.5469e+02
  288.45  3.1006e+02
  288.50  3.8569e+02
  288.55  4.2295e+02
  288.60  4.5047e+02
  288.65  4.4456e+02
  288.70  4.2970e+02
  288.75  4.1903e+02
  288.80  4.1284e+02
  288.85  4.0742e+02
  288.90  4.1565e+02
  288.95  4.2310e+02
  289.00  4.1516e+02
  289.05  4.0694e+02
  289.10  4.1490e+02
  289.15  4.1543e+02
  289.20  4.1425e+02
  289.25  4.2168e+02
  289.30  4.2602e+02
  289.35  4.2653e+02
  289.40  4.2505e+02
  289.45  4.2586e+02
  289.50  4.3886e+02
  289.55  4.6425e+02
  289.60  5.0268e+02
  289.65  5.3787e+02
  289.70  5.5183e+02
  289.75  5.4672e+02
  289.80  5.4576e+02
  289.85  5.3911e+02
  289.90  5.3716e+02
  289.95  5.5456e+02
  290.00  6.0053e+02
  290.05  6.4563e+02
  290.10  6.8533e+02
  290.15  6.7948e+02
  290.20  6.3431e+02
  290.25  5.8357e+02
  290.30  5.7211e+02
  290.35  6.2956e+02
  290.40  6.7566e+02
  290.45  6.9231e+02
  290.50  6.9344e+02
  290.55  6.8425e+02
  290.60  6.6722e+02
  290.65  6.4165e+02
  290.70  6.1454e+02
  290.75  6.1134e+02
  290.80  6.0079e+02
  290.85  5.9179e+02
  290.90  5.7716e+02
  290.95  5.7602e+02
  291.00  5.8181e+02
  291.05  5.9011e+02
  291.10  5.8567e+02
  291.15  5.8080e+02
  291.20  5.9075e+02
  291.25  6.0094e+02
  291.30  6.3017e+02
  291.35  6.9445e+02
  291.40  7.2436e+02
  291.45  6.7726e+02
  291.50  6.1310e+02
  291.55  5.7268e+02
  291.60  5.3880e+02
  291.65  5.4772e+02
  291.70  5.6368e+02
  291.75  5.8360e+02
  291.80  5.6366e+02
  291.85  5.3283e+02
  291.90  5.2355e+02
  291.95  5.5999e+02
  292.00  5.8739e+02
  292.05  5.9424e+02
  292.10  5.8468e+02
  292.15  5.8273e+02
  292.20  5.9871e+02
  292.25  6.0145e+02
  292.30  5.9472e+02
  292.35  5.7181e+02
  292.40  5.1269e+02
  292.45  4.8570e+02
  292.50  4.9344e+02
  292.55  5.0536e+02
  292.60  4.8520e+02
  292.65  4.4853e+02
  292.70  4.4163e+02
  292.75  4.5563e+02
  292.80  4.9604e+02
  292.85  4.9529e+02
  292.90  4.3896e+02
  292.95  3.9964e+02
  293.00  4.3019e+02
  293.05  5.7374e+02
  293.10  6.4860e+02
  293.15  6.6284e+02
  293.20  6.5524e+02
  293.25  6.7632e+02
  293.30  6.7234e+02
  293.35  6.4651e+02
  293.40  6.0676e+02
  293.45  6.0259e+02
  293.50  6.4532e+02
  293.55  6.8180e+02
  293.60  6.9625e+02
  293.65  6.1920e+02
  293.70  4.6410e+02
  293.75  3.6055e+02
  293.80  3.4991e+02
  293.85  4.0846e+02
  293.90  4.6520e+02
  293.95  4.7945e+02
  294.00  4.7876e+02
  294.05  5.1978e+02
  294.10  5.5203e+02
  294.15  5.2779e+02
  294.20  4.8201e+02
  294.25  4.8028e+02
  294.30  5.8040e+02
  294.35  6.3477e+02
  294.40  6.2387e+02
  294.45  5.6882e+02
  294.50  5.2170e+02
  294.55  5.1747e+02
  294.60  5.6040e+02
  294.65  6.4339e+02
  294.70  6.7864e+02
  294.75  5.9894e+02
  294.80  4.8368e+02
  294.85  3.6887e+02
  294.90  3.1482e+02
  294.95  3.3991e+02
  295.00  3.8548e+02
  295.05  4.4264e+02
  295.10  5.2412e+02
  295.15  5.9392e+02
  295.20  6.3980e+02
  295.25  6.7268e+02
  295.30  6.9127e+02
  295.35  6.7643e+02
  295.40  5.7529e+02
  295.45  4.6498e+02
  295.50  4.5393e+02
  295.55  5.6736e+02
  295.60  6.3394e+02
  295.65  6.4973e+02
  295.70  6.0859e+02
  295.75  5.1973e+02
  295.80  4.9239e+02
  295.85  5.1794e+02
  295.90  6.3164e+02
  295.95  6.8185e+02
  296.00  6.6012e+02
  296.05  6.0741e+02
  296.10  5.6421e+02
  296.15  5.6282e+02
  296.20  5.8249e+02
  296.25  6.2932e+02
  296.30  6.7658e+02
  296.35  7.2742e+02
  296.40  7.2337e+02
  296.45  6.8494e+02
  296.50  6.1449e+02
  296.55  4.7214e+02
  296.60  3.8091e+02
  296.65  3.3940e+02
  296.70  3.1512e+02
  296.75  2.8750e+02
  296.80  3.4695e+02
  296.85  4.2965e+02
  296.90  4.9032e+02
  296.95  5.0127e+02
  297.00  4.1666e+02
  297.05  3.4681e+02
  297.10  3.2122e+02
  297.15  3.9406e+02
  297.20  5.1230e+02
  297.25  5.5787e+02
  297.30  5.2561e+02
  297.35  4.3619e+02
  297.40  3.5266e+02
  297.45  4.1754e+02
  297.50  5.1511e+02
  297.55  6.2335e+02
  297.60  6.5365e+02
  297.65  6.2245e+02
  297.70  6.0763e+02
  297.75  6.6955e+02
  297.80  7.8552e+02
  297.85  8.2917e+02
  297.90  7.9997e+02
  297.95  6.9842e+02
  298.00  6.0547e+02
  298.05  5.7036e+02
  298.10  5.5871e+02
  298.15  5.2042e+02
  298.20  4.3150e+02
  298.25  3.7662e+02
  298.30  3.9775e+02
  298.35  4.2451e+02
  298.40  3.7433e+02
  298.45  3.0563e+02
  298.50  2.8940e+02
  298.55  3.0327e+02
  298.60  3.1482e+02
  298.65  3.4694e+02
  298.70  4.0235e+02
  298.75  4.3195e+02
  298.80  4.2982e+02
  298.85  4.3777e+02
  298.90  4.7850e+02
  298.95  5.2930e+02
  299.00  5.8611e+02
  299.05  6.6277e+02
  299.10  7.1657e+02
  299.15  7.1419e+02
  299.20  6.8410e+02
  299.25  6.1916e+02
  299.30  5.8188e+02
  299.35  5.7577e+02
  299.40  5.6836e+02
  299.45  4.6252e+02
  299.50  3.6028e+02
  299.55  3.1664e+02
  299.60  3.6163e+02
  299.65  5.0025e+02
  299.70  6.0015e+02
  299.75  6.4171e+02
  299.80  6.7436e+02
  299.85  6.9631e+02
  299.90  6.3645e+02
  299.95  5.4419e+02
  300.00  4.3878e+02
  300.05  3.4631e+02
  300.10  2.9602e+02
  300.15  2.8448e+02
  300.20  2.9119e+02
  300.25  3.1917e+02
  300.30  3.1368e+02
  300.35  2.9488e+02
  300.40  2.9163e+02
  300.45  3.9251e+02
  300.50  5.0703e+02
  300.55  5.7541e+02
  300.60  5.9632e+02
  300.65  5.9464e+02
  300.70  5.1207e+02
  300.75  4.5950e+02
  300.80  4.0744e+02
  300.85  3.7212e+02
  300.90  3.5678e+02
  300.95  3.7949e+02
  301.00  4.1920e+02
  301.05  4.6342e+02
  301.10  5.5731e+02
  301.15  6.2630e+02
  301.20  5.9845e+02
  301.25  5.3365e+02
  301.30  5.0727e+02
  301.35  5.6164e+02
  301.40  5.9182e+02
  301.45  5.8951e+02
  301.50  5.8140e+02
  301.55  5.7501e+02
  301.60  5.7629e+02
  301.65  5.7045e+02
  301.70  5.6194e+02
  301.75  5.1450e+02
  301.80  4.7224e+02
  301.85  4.2078e+02
  301.90  3.9162e+02
  301.95  3.6509e+02
  302.00  3.4353e+02
  302.05  2.9917e+02
  302.10  2.3701e+02
  302.15  1.8521e+02
  302.20  2.7186e+02
  302.25  3.1275e+02
  302.30  4.7763e+02
  302.35  5.8556e+02
  302.40  6.3313e+02
  302.45  6.2128e+02
  302.50  5.7193e+02
  302.55  5.2228e+02
  302.60  4.6278e+02
  302.65  4.0718e+02
  302.70  4.4579e+02
  302.75  5.6467e+02
  302.80  7.1973e+02
  302.85  8.0069e+02
  302.90  8.2898e+02
  302.95  7.6104e+02
  303.00  6.9190e+02
  303.05  6.4516e+02
  303.10  6.2973e+02
  303.15  6.0973e+02
  303.20  5.9410e+02
  303.25  6.5597e+02
  303.30  7.0736e+02
  303.35  7.8113e+02
  303.40  8.0596e+02
  303.45  7.7090e+02
  303.50  7.5075e+02
  303.55  7.6635e+02
  303.60  7.8867e+02
  303.65  7.9751e+02
  303.70  7.6943e+02
  303.75  6.1031e+02
  303.80  4.5003e+02
  303.85  4.2124e+02
  303.90  4.3476e+02
  303.95  5.4992e+02
  304.00  6.5198e+02
  304.05  6.5100e+02
  304.10  6.2925e+02
  304.15  6.0916e+02
  304.20  5.3785e+02
  304.25  5.0146e+02
  304.30  5.4204e+02
  304.35  5.3708e+02
  304.40  6.3968e+02
  304.45  7.2422e+02
  304.50  7.4917e+02
  304.55  7.4438e+02
  304.60  7.5538e+02
  304.65  7.4894e+02
  304.70  7.5283e+02
  304.75  6.2984e+02
  304.80  5.1458e+02
  304.85  4.4432e+02
  304.90  4.6421e+02
  304.95  5.6318e+02
  305.00  6.8005e+02
  305.05  7.2381e+02
  305.10  6.7910e+02
  305.15  6.4921e+02
  305.20  7.0792e+02
  305.25  8.4410e+02
  305.30  8.3932e+02
  305.35  8.5745e+02
  305.40  8.1254e+02
  305.45  6.3468e+02
  305.50  5.7011e+02
  305.55  6.1071e+02
  305.60  6.3348e+02
  305.65  6.6171e+02
  305.70  6.6600e+02
  305.75  5.6494e+02
  305.80  4.2574e+02
  305.85  3.5784e+02
  305.90  3.3663e+02
  305.95  3.4608e+02
  306.00  3.7557e+02
  306.05  4.3109e+02
  306.10  5.7897e+02
  306.15  6.6525e+02
  306.20  7.0743e+02
  306.25  7.4333e+02
  306.30  7.4318e+02
  306.35  7.2038e+02
  306.40  6.9983e+02
  306.45  6.0818e+02
  306.50  5.4488e+02
  306.55  5.6671e+02
  306.60  6.0579e+02
  306.65  6.1437e+02
  306.70  5.2034e+02
  306.75  4.6281e+02
  306.80  4.2449e+02
  306.85  4.5265e+02
  306.90  5.3425e+02
  306.95  6.2515e+02
  307.00  6.9785e+02
  307.05  7.3909e+02
  307.10  7.4496e+02
  307.15  7.2998e+02
  307.20  7.2696e+02
  307.25  6.5879e+02
  307.30  6.4065e+02
  307.35  6.6473e+02
  307.40  6.8689e+02
  307.45  7.0301e+02
  307.50  7.1024e+02
  307.55  6.2886e+02
  307.60  5.6909e+02
  307.65  5.3332e+02
  307.70  6.0649e+02
  307.75  7.0837e+02
  307.80  7.3276e+02
  307.85  6.9827e+02
  307.90  6.4312e+02
  307.95  6.5420e+02
  308.00  7.3151e+02
  308.05  7.6911e+02
  308.10  7.5018e+02
  308.15  7.1053e+02
  308.20  6.1277e+02
  308.25  5.4940e+02
  308.30  5.3003e+02
  308.35  5.4107e+02
  308.40  5.8117e+02
  308.45  5.8528e+02
  308.50  6.9967e+02
  308.55  8.0566e+02
  308.60  8.4080e+02
  308.65  8.2125e+02
  308.70  8.0624e+02
  308.75  7.1898e+02
  308.80  6.2811e+02
  308.85  5.8835e+02
  308.90  5.8292e+02
  308.95  6.1806e+02
  309.00  6.5145e+02
  309.05  6.3350e+02
  309.10  6.0358e+02
  309.15  5.6233e+02
  309.20  5.0429e+02
  309.25  4.7062e+02
  309.30  4.5554e+02
  309.35  4.0658e+02
  309.40  3.8521e+02
  309.45  3.9018e+02
  309.50  4.8724e+02
  309.55  6.2002e+02
  309.60  6.6925e+02
  309.65  6.0647e+02
  309.70  5.6220e+02
  309.75  4.8034e+02
  309.80  4.3427e+02
  309.85  5.0327e+02
  309.90  5.7760e+02
  309.95  6.0782e+02
  310.00  5.5030e+02
  310.05  4.2611e+02
  310.10  3.2876e+02
  310.15  2.9439e+02
  310.20  3.1028e+02
  310.25  3.4626e+02
  310.30  4.2985e+02
  310.35  5.2205e+02
  310.40  6.4706e+02
  310.45  7.5272e+02
  310.50  7.8486e+02
  310.55  7.7444e+02
  310.60  7.5437e+02
  310.65  7.3535e+02
  310.70  7.5949e+02
  310.75  7.7478e+02
  310.80  8.1404e+02
  310.85  8.5393e+02
  310.90  9.0053e+02
  310.95  9.1215e+02
  311.00  9.0313e+02
  311.05  8.3272e+02
  311.10  7.7347e+02
  311.15  7.3407e+02
  311.20  7.5600e+02
  311.25  8.0267e+02
  311.30  8.4702e+02
  311.35  8.7743e+02
  311.40  8.8822e+02
  311.45  8.2813e+02
  311.50  7.5838e+02
  311.55  7.5054e+02
  311.60  7.9548e+02
  311.65  8.2335e+02
  311.70  7.9264e+02
  311.75  6.9538e+02
  311.80  6.5186e+02
  311.85  6.5110e+02
  311.90  6.4230e+02
  311.95  6.3936e+02
  312.00  6.3063e+02
  312.05  6.1319e+02
  312.10  6.0445e+02
  312.15  6.0638e+02
  312.20  6.0875e+02
  312.25  6.0021e+02
  312.30  6.1530e+02
  312.35  6.8107e+02
  312.40  7.2473e+02
  312.45  7.8338e+02
  312.50  8.0362e+02
  312.55  7.5406e+02
  312.60  6.7945e+02
  312.65  6.2552e+02
  312.70  6.3190e+02
  312.75  6.8549e+02
  312.80  7.2748e+02
  312.85  7.4793e+02
  312.90  7.3801e+02
  312.95  7.2842e+02
  313.00  7.3252e+02
  313.05  7.5201e+02
  313.10  7.4158e+02
  313.15  7.1312e+02
  313.20  7.0163e+02
  313.25  7.0567e+02
  313.30  7.0318e+02
  313.35  7.0174e+02
  313.40  6.9524e+02
  313.45  6.7564e+02
  313.50  6.4383e+02
  313.55  6.6966e+02
  313.60  7.2044e+02
  313.65  7.4800e+02
  313.70  7.3432e+02
  313.75  7.4237e+02
  313.80  7.7473e+02
  313.85  8.1322e+02
  313.90  8.7188e+02
  313.95  9.0203e+02
  314.00  8.7878e+02
  314.05  8.4520e+02
  314.10  8.1927e+02
  314.15  8.2810e+02
  314.20  8.6588e+02
  314.25  8.6889e+02
  314.30  8.6444e+02
  314.35  6.9948e+02
  314.40  5.5099e+02
  314.45  4.5354e+02
  314.50  3.8557e+02
  314.55  3.7015e+02
  314.60  5.0126e+02
  314.65  5.8870e+02
  314.70  6.2886e+02
  314.75  6.5626e+02
  314.80  6.4910e+02
  314.85  6.6327e+02
  314.90  6.8088e+02
  314.95  7.8683e+02
  315.00  8.3381e+02
  315.05  8.1468e+02
  315.10  7.9034e+02
  315.15  7.5572e+02
  315.20  7.6549e+02
  315.25  7.6243e+02
  315.30  7.5942e+02
  315.35  7.7327e+02
  315.40  7.8253e+02
  315.45  7.8679e+02
  315.50  7.5546e+02
  315.55  7.2706e+02
  315.60  7.2487e+02
  315.65  7.2704e+02
  315.70  6.9317e+02
  315.75  6.6909e+02
  315.80  5.4199e+02
  315.85  4.5997e+02
  315.90  4.3807e+02
  315.95  4.2970e+02
  316.00  4.3726e+02
  316.05  4.6848e+02
  316.10  4.8809e+02
  316.15  4.9029e+02
  316.20  4.8722e+02
  316.25  5.1131e+02
  316.30  5.6092e+02
  316.35  6.3022e+02
  316.40  6.8360e+02
  316.45  7.1006e+02
  316.50  6.9923e+02
  316.55  6.6137e+02
  316.60  5.5586e+02
  316.65  6.5018e+02
  316.70  6.9369e+02
  316.75  6.9858e+02
  316.80  7.3736e+02
  316.85  7.6659e+02
  316.90  7.2563e+02
  316.95  6.8684e+02
  317.00  6.9210e+02
  317.05  7.5016e+02
  317.10  8.3957e+02
  317.15  8.9682e+02
  317.20  9.4172e+02
  317.25  9.6336e+02
  317.30  9.5070e+02
  317.35  9.5426e+02
  317.40  9.4198e+02
  317.45  9.1449e+02
  317.50  8.7005e+02
  317.55  8.4417e+02
  317.60  8.3575e+02
  317.65  8.7189e+02
  317.70  9.3189e+02
  317.75  9.4037e+02
  317.80  9.4647e+02
  317.85  8.7817e+02
  317.90  7.5006e+02
  317.95  6.6372e+02
  318.00  5.9386e+02
  318.05  5.3438e+02
  318.10  5.2706e+02
  318.15  5.4871e+02
  318.20  5.4836e+02
  318.25  5.3875e+02
  318.30  5.5202e+02
  318.35  5.8747e+02
  318.40  6.0214e+02
  318.45  6.2314e+02
  318.50  6.4735e+02
  318.55  6.6339e+02
  318.60  6.8617e+02
  318.65  7.1089e+02
  318.70  7.4399e+02
  318.75  7.4046e+02
  318.80  7.3084e+02
  318.85  7.4692e+02
  318.90  7.7324e+02
  318.95  8.4264e+02
  319.00  9.4312e+02
  319.05  9.7341e+02
  319.10  8.9018e+02
  319.15  7.8401e+02
  319.20  7.0100e+02
  319.25  6.5123e+02
  319.30  5.5794e+02
  319.35  4.8918e+02
  319.40  5.2748e+02
  319.45  5.6926e+02
  319.50  6.4380e+02
  319.55  7.0285e+02
  319.60  7.1744e+02
  319.65  7.2108e+02
  319.70  7.2030e+02
  319.75  6.9647e+02
  319.80  6.9471e+02
  319.85  7.7308e+02
  319.90  8.1780e+02
  319.95  8.9126e+02
  320.00  9.4760e+02
  320.05  8.9625e+02
  320.10  7.7546e+02
  320.15  7.6018e+02
  320.20  8.2452e+02
  320.25  8.8589e+02
  320.30  8.7972e+02
  320.35  8.5173e+02
  320.40  8.6947e+02
  320.45  8.9460e+02
  320.50  9.5613e+02
  320.55  9.8163e+02
  320.60  9.3726e+02
  320.65  9.0991e+02
  320.70  9.2981e+02
  320.75  9.5294e+02
  320.80  9.6076e+02
  320.85  9.2563e+02
  320.90  8.5498e+02
  320.95  7.7996e+02
  321.00  7.4654e+02
  321.05  7.0633e+02
  321.10  7.0523e+02
  321.15  6.5689e+02
  321.20  6.1202e+02
  321.25  5.9874e+02
  321.30  5.9345e+02
  321.35  6.0048e+02
  321.40  6.1149e+02
  321.45  5.7335e+02
  321.50  5.6074e+02
  321.55  6.0272e+02
  321.60  6.7679e+02
  321.65  7.4169e+02
  321.70  7.5949e+02
  321.75  7.3709e+02
  321.80  7.0273e+02
  321.85  7.3948e+02
  321.90  8.2931e+02
  321.95  9.0716e+02
  322.00  9.0410e+02
  322.05  8.7654e+02
  322.10  8.6240e+02
  322.15  9.0093e+02
  322.20  8.7444e+02
  322.25  7.8184e+02
  322.30  6.9576e+02
  322.35  6.6190e+02
  322.40  6.8422e+02
  322.45  7.9241e+02
  322.50  8.4242e+02
  322.55  8.3462e+02
  322.60  7.6446e+02
  322.65  6.6191e+02
  322.70  6.2147e+02
  322.75  6.3319e+02
  322.80  6.4814e+02
  322.85  6.1990e+02
  322.90  5.8115e+02
  322.95  5.5919e+02
  323.00  5.4651e+02
  323.05  5.4541e+02
  323.10  5.9483e+02
  323.15  6.1605e+02
  323.20  6.8911e+02
  323.25  7.7214e+02
  323.30  7.9785e+02
  323.35  8.0152e+02
  323.40  7.6677e+02
  323.45  6.9935e+02
  323.50  6.1192e+02
  323.55  5.9968e+02
  323.60  6.2808e+02
  323.65  6.8228e+02
  323.70  6.6238e+02
  323.75  6.2566e+02
  323.80  6.4929e+02
  323.85  7.3642e+02
  323.90  7.8753e+02
  323.95  8.0534e+02
  324.00  7.3258e+02
  324.05  7.0148e+02
  324.10  8.1499e+02
  324.15  8.8422e+02
  324.20  9.0183e+02
  324.25  8.5546e+02
  324.30  8.2313e+02
  324.35  8.1066e+02
  324.40  7.9184e+02
  324.45  7.8979e+02
  324.50  7.7938e+02
  324.55  8.2468e+02
  324.60  8.6412e+02
  324.65  8.9504e+02
  324.70  9.2279e+02
  324.75  8.8106e+02
  324.80  8.4886e+02
  324.85  7.6209e+02
  324.90  7.0966e+02
  324.95  7.1497e+02
  325.00  7.3911e+02
  325.05  7.6471e+02
  325.10  7.7255e+02
  325.15  7.6643e+02
  325.20  7.7190e+02
  325.25  8.0171e+02
  325.30  8.2949e+02
  325.35  8.4096e+02
  325.40  8.3707e+02
  325.45  8.2831e+02
  325.50  8.0968e+02
  325.55  9.1356e+02
  325.60  9.9179e+02
  325.65  1.0662e+03
  325.70  1.0604e+03
  325.75  1.0342e+03
  325.80  1.0007e+03
  325.85  9.8893e+02
  325.90  9.9707e+02
  325.95  1.0634e+03
  326.00  1.1038e+03
  326.05  1.1108e+03
  326.10  1.1052e+03
  326.15  1.0626e+03
  326.20  1.0506e+03
  326.25  1.0153e+03
  326.30  1.0100e+03
  326.35  1.0473e+03
  326.40  1.0674e+03
  326.45  1.0276e+03
  326.50  9.4244e+02
  326.55  8.8093e+02
  326.60  8.7262e+02
  326.65  9.1499e+02
  326.70  9.7520e+02
  326.75  1.0655e+03
  326.80  1.0917e+03
  326.85  1.0767e+03
  326.90  1.0784e+03
  326.95  1.0746e+03
  327.00  1.0664e+03
  327.05  1.0447e+03
  327.10  1.0214e+03
  327.15  9.7818e+02
  327.20  8.9969e+02
  327.25  8.8560e+02
  327.30  9.4241e+02
  327.35  9.8824e+02
  327.40  1.0432e+03
  327.45  1.0215e+03
  327.50  1.0141e+03
  327.55  1.0307e+03
  327.60  1.0677e+03
  327.65  1.0591e+03
  327.70  1.0205e+03
  327.75  9.5384e+02
  327.80  9.4632e+02
  327.85  9.5688e+02
  327.90  9.8856e+02
  327.95  9.7915e+02
  328.00  9.4570e+02
  328.05  9.2219e+02
  328.10  9.2645e+02
  328.15  9.6088e+02
  328.20  9.9671e+02
  328.25  9.7855e+02
  328.30  9.5743e+02
  328.35  9.1561e+02
  328.40  9.4079e+02
  328.45  9.7784e+02
  328.50  1.0045e+03
  328.55  1.0187e+03
  328.60  9.5300e+02
  328.65  9.1608e+02
  328.70  8.5280e+02
  328.75  8.0501e+02
  328.80  7.4877e+02
  328.85  7.8339e+02
  328.90  8.4535e+02
  328.95  9.0887e+02
  329.00  9.9250e+02
  329.05  1.0863e+03
  329.10  1.1479e+03
  329.15  1.1434e+03
  329.20  1.1126e+03
  329.25  1.0853e+03
  329.30  1.0684e+03
  329.35  1.0818e+03
  329.40  1.1086e+03
  329.45  1.1715e+03
  329.50  1.1939e+03
  329.55  1.1912e+03
  329.60  1.1419e+03
  329.65  1.1106e+03
  329.70  1.1247e+03
  329.75  1.1408e+03
  329.80  1.1601e+03
  329.85  1.1555e+03
  329.90  1.1316e+03
  329.95  1.1062e+03
  330.00  1.1109e+03
  330.05  1.1764e+03
  330.10  1.2809e+03
  330.15  1.3348e+03
  330.20  1.2929e+03
  330.25  1.2034e+03
  330.30  1.0853e+03
  330.35  9.8526e+02
  330.40  9.6855e+02
  330.45  1.0251e+03
  330.50  1.0771e+03
  330.55  1.0232e+03
  330.60  1.0051e+03
  330.65  9.1537e+02
  330.70  8.1369e+02
  330.75  7.7974e+02
  330.80  8.3324e+02
  330.85  9.0912e+02
  330.90  1.0030e+03
  330.95  1.0526e+03
  331.00  1.0705e+03
  331.05  1.0816e+03
  331.10  1.0653e+03
  331.15  1.0513e+03
  331.20  1.0612e+03
  331.25  1.0638e+03
  331.30  1.0420e+03
  331.35  9.9984e+02
  331.40  9.8783e+02
  331.45  9.6254e+02
  331.50  9.3380e+02
  331.55  8.8653e+02
  331.60  8.7603e+02
  331.65  9.0822e+02
  331.70  9.8460e+02
  331.75  1.0466e+03
  331.80  1.0638e+03
  331.85  1.0715e+03
  331.90  1.0886e+03
  331.95  1.0896e+03
  332.00  1.0917e+03
  332.05  1.0716e+03
  332.10  1.0388e+03
  332.15  1.0260e+03
  332.20  1.0090e+03
  332.25  1.0287e+03
  332.30  9.4395e+02
  332.35  8.5341e+02
  332.40  8.0098e+02
  332.45  7.9372e+02
  332.50  8.7500e+02
  332.55  9.5309e+02
  332.60  1.0508e+03
  332.65  1.0956e+03
  332.70  1.1245e+03
  332.75  1.0692e+03
  332.80  1.0098e+03
  332.85  9.8226e+02
  332.90  9.9286e+02
  332.95  9.6103e+02
  333.00  9.1454e+02
  333.05  8.7108e+02
  333.10  8.7051e+02
  333.15  9.6904e+02
  333.20  1.0427e+03
  333.25  1.0763e+03
  333.30  1.0380e+03
  333.35  1.0249e+03
  333.40  1.0521e+03
  333.45  1.0838e+03
  333.50  1.0324e+03
  333.55  9.4967e+02
  333.60  8.9495e+02
  333.65  8.1928e+02
  333.70  7.7103e+02
  333.75  7.4459e+02
  333.80  7.8726e+02
  333.85  8.2820e+02
  333.90  9.1040e+02
  333.95  9.7858e+02
  334.00  1.0012e+03
  334.05  9.6344e+02
  334.10  9.7265e+02
  334.15  9.7515e+02
  334.20  9.9345e+02
  334.25  9.7027e+02
  334.30  9.5114e+02
  334.35  9.1316e+02
  334.40  9.9505e+02
  334.45  1.0594e+03
  334.50  1.0960e+03
  334.55  1.0991e+03
  334.60  1.0946e+03
  334.65  1.1000e+03
  334.70  1.1132e+03
  334.75  1.0964e+03
  334.80  1.0793e+03
  334.85  1.0626e+03
  334.90  1.0459e+03
  334.95  9.2135e+02
  335.00  7.7778e+02
  335.05  6.9901e+02
  335.10  7.4740e+02
  335.15  8.4983e+02
  335.20  1.0293e+03
  335.25  1.0950e+03
  335.30  1.1088e+03
  335.35  1.1058e+03
  335.40  1.0919e+03
  335.45  1.0461e+03
  335.50  1.0211e+03
  335.55  1.0369e+03
  335.60  1.0958e+03
  335.65  1.1617e+03
  335.70  1.1574e+03
  335.75  1.1486e+03
  335.80  1.1256e+03
  335.85  1.0887e+03
  335.90  1.0290e+03
  335.95  8.8298e+02
  336.00  7.2423e+02
  336.05  5.9551e+02
  336.10  5.2204e+02
  336.15  4.9074e+02
  336.20  4.6866e+02
  336.25  5.0367e+02
  336.30  6.2903e+02
  336.35  6.9179e+02
  336.40  8.5874e+02
  336.45  9.6517e+02
  336.50  1.0144e+03
  336.55  1.0392e+03
  336.60  1.0915e+03
  336.65  1.0756e+03
  336.70  1.0109e+03
  336.75  9.4755e+02
  336.80  9.0500e+02
  336.85  8.2586e+02
  336.90  7.8088e+02
  336.95  7.6730e+02
  337.00  7.1760e+02
  337.05  6.7880e+02
  337.10  6.9819e+02
  337.15  7.3528e+02
  337.20  7.5560e+02
  337.25  7.3260e+02
  337.30  7.0057e+02
  337.35  6.9076e+02
  337.40  7.1082e+02
  337.45  7.9481e+02
  337.50  8.7207e+02
  337.55  8.9196e+02
  337.60  9.7501e+02
  337.65  1.0745e+03
  337.70  1.1403e+03
  337.75  1.1538e+03
  337.80  1.1468e+03
  337.85  1.1366e+03
  337.90  1.0625e+03
  337.95  9.4823e+02
  338.00  8.8633e+02
  338.05  8.0061e+02
  338.10  6.7755e+02
  338.15  6.4293e+02
  338.20  6.7328e+02
  338.25  8.5228e+02
  338.30  9.8801e+02
  338.35  1.0101e+03
  338.40  9.8475e+02
  338.45  9.2837e+02
  338.50  9.2613e+02
  338.55  9.5866e+02
  338.60  1.0212e+03
  338.65  1.0500e+03
  338.70  1.0887e+03
  338.75  1.1425e+03
  338.80  1.1204e+03
  338.85  1.0787e+03
  338.90  9.2750e+02
  338.95  8.9884e+02
  339.00  1.0123e+03
  339.05  1.1024e+03
  339.10  1.1593e+03
  339.15  1.1091e+03
  339.20  1.0053e+03
  339.25  9.5665e+02
  339.30  8.3862e+02
  339.35  7.6641e+02
  339.40  7.1896e+02
  339.45  7.2726e+02
  339.50  8.0677e+02
  339.55  9.0257e+02
  339.60  9.5482e+02
  339.65  9.9401e+02
  339.70  1.0174e+03
  339.75  1.0443e+03
  339.80  1.0807e+03
  339.85  1.1064e+03
  339.90  1.1193e+03
  339.95  1.1347e+03
  340.00  1.1416e+03
  340.05  1.1294e+03
  340.10  1.2039e+03
  340.15  1.2775e+03
  340.20  1.2562e+03
  340.25  1.1108e+03
  340.30  1.0819e+03
  340.35  1.0646e+03
  340.40  1.0704e+03
  340.45  1.0786e+03
  340.50  1.0391e+03
  340.55  1.0115e+03
  340.60  1.0066e+03
  340.65  1.0071e+03
  340.70  1.0391e+03
  340.75  1.0287e+03
  340.80  9.3365e+02
  340.85  8.9003e+02
  340.90  9.1448e+02
  340.95  9.4673e+02
  341.00  9.4992e+02
  341.05  9.3690e+02
  341.10  9.4704e+02
  341.15  9.9848e+02
  341.20  1.0738e+03
  341.25  1.1116e+03
  341.30  1.0653e+03
  341.35  1.0562e+03
  341.40  8.7649e+02
  341.45  8.3234e+02
  341.50  7.6795e+02
  341.55  7.0702e+02
  341.60  7.2271e+02
  341.65  8.1097e+02
  341.70  8.6778e+02
  341.75  9.8053e+02
  341.80  1.0063e+03
  341.85  9.8201e+02
  341.90  9.8066e+02
  341.95  1.0142e+03
  342.00  1.1049e+03
  342.05  1.1718e+03
  342.10  1.2008e+03
  342.15  1.1945e+03
  342.20  1.1448e+03
  342.25  1.1081e+03
  342.30  1.0976e+03
  342.35  1.0107e+03
  342.40  9.1800e+02
  342.45  8.7173e+02
  342.50  8.6126e+02
  342.55  9.0108e+02
  342.60  1.0207e+03
  342.65  1.0839e+03
  342.70  1.0891e+03
  342.75  1.0483e+03
  342.80  9.3706e+02
  342.85  9.2724e+02
  342.90  9.8322e+02
  342.95  1.0018e+03
  343.00  1.0975e+03
  343.05  1.2046e+03
  343.10  1.2639e+03
  343.15  1.2495e+03
  343.20  1.2190e+03
  343.25  1.1278e+03
  343.30  1.0553e+03
  343.35  9.8710e+02
  343.40  9.3287e+02
  343.45  8.4027e+02
  343.50  8.7734e+02
  343.55  9.8683e+02
  343.60  1.1363e+03
  343.65  1.1832e+03
  343.70  1.1431e+03
  343.75  1.0802e+03
  343.80  1.0082e+03
  343.85  9.3739e+02
  343.90  9.2821e+02
  343.95  9.5513e+02
  344.00  9.7255e+02
  344.05  8.6813e+02
  344.10  7.9453e+02
  344.15  6.4496e+02
  344.20  4.9972e+02
  344.25  5.1487e+02
  344.30  5.7306e+02
  344.35  6.4362e+02
  344.40  6.6798e+02
  344.45  6.4731e+02
  344.50  6.6316e+02
  344.55  7.2720e+02
  344.60  7.7210e+02
  344.65  8.3275e+02
  344.70  8.1045e+02
  344.75  7.8453e+02
  344.80  8.0712e+02
  344.85  8.9281e+02
  344.90  9.6185e+02
  344.95  9.8192e+02
  345.00  9.9376e+02
  345.05  1.0071e+03
  345.10  1.0746e+03
  345.15  1.1531e+03
  345.20  1.1981e+03
  345.25  1.1179e+03
  345.30  1.0240e+03
  345.35  9.0368e+02
  345.40  8.4562e+02
  345.45  8.6199e+02
  345.50  1.0021e+03
  345.55  1.1411e+03
  345.60  1.1910e+03
  345.65  1.1554e+03
  345.70  1.0692e+03
  345.75  1.0384e+03
  345.80  1.0152e+03
  345.85  1.0047e+03
  345.90  9.2290e+02
  345.95  8.4783e+02
  346.00  8.3212e+02
  346.05  8.4173e+02
  346.10  8.2107e+02
  346.15  7.9252e+02
  346.20  7.7335e+02
  346.25  7.5085e+02
  346.30  7.7809e+02
  346.35  8.6189e+02
  346.40  9.8627e+02
  346.45  1.0351e+03
  346.50  1.1041e+03
  346.55  1.1360e+03
  346.60  1.0881e+03
  346.65  1.0191e+03
  346.70  8.6011e+02
  346.75  8.5205e+02
  346.80  9.1789e+02
  346.85  1.0304e+03
  346.90  1.1016e+03
  346.95  1.1203e+03
  347.00  1.0577e+03
  347.05  1.0399e+03
  347.10  1.1124e+03
  347.15  1.1825e+03
  347.20  1.2012e+03
  347.25  1.1693e+03
  347.30  1.0042e+03
  347.35  9.2934e+02
  347.40  9.2946e+02
  347.45  9.2897e+02
  347.50  8.9509e+02
  347.55  8.3316e+02
  347.60  7.4672e+02
  347.65  6.9645e+02
  347.70  6.6971e+02
  347.75  6.7940e+02
  347.80  7.3734e+02
  347.85  8.4511e+02
  347.90  9.3640e+02
  347.95  1.0209e+03
  348.00  1.0600e+03
  348.05  1.0527e+03
  348.10  1.0466e+03
  348.15  1.0318e+03
  348.20  1.0240e+03
  348.25  1.0348e+03
  348.30  1.0143e+03
  348.35  9.6026e+02
  348.40  8.8350e+02
  348.45  8.5411e+02
  348.50  8.6233e+02
  348.55  8.9348e+02
  348.60  8.9573e+02
  348.65  9.0038e+02
  348.70  9.3720e+02
  348.75  1.0683e+03
  348.80  1.1757e+03
  348.85  1.2097e+03
  348.90  1.1250e+03
  348.95  1.0258e+03
  349.00  8.6083e+02
  349.05  8.0515e+02
  349.10  7.6415e+02
  349.15  7.2197e+02
  349.20  7.8916e+02
  349.25  9.0955e+02
  349.30  9.1313e+02
  349.35  8.3485e+02
  349.40  7.8867e+02
  349.45  9.0084e+02
  349.50  1.0007e+03
  349.55  1.0412e+03
  349.60  9.5838e+02
  349.65  8.8665e+02
  349.70  8.3405e+02
  349.75  7.7102e+02
  349.80  7.2159e+02
  349.85  7.4408e+02
  349.90  8.3562e+02
  349.95  9.6721e+02
  350.00  1.1555e+03
  350.05  1.2116e+03
  350.10  1.1982e+03
  350.15  1.1718e+03
  350.20  1.1500e+03
  350.25  1.1470e+03
  350.30  1.1350e+03
  350.35  1.1617e+03
  350.40  1.2564e+03
  350.45  1.3142e+03
  350.50  1.2995e+03
  350.55  1.1529e+03
  350.60  1.0766e+03
  350.65  1.0356e+03
  350.70  1.0266e+03
  350.75  1.0262e+03
  350.80  1.0709e+03
  350.85  1.1355e+03
  350.90  1.1818e+03
  350.95  1.1843e+03
  351.00  1.1427e+03
  351.05  1.0357e+03
  351.10  8.9945e+02
  351.15  9.0753e+02
  351.20  9.7437e+02
  351.25  1.0204e+03
  351.30  1.0110e+03
  351.35  9.8374e+02
  351.40  9.0035e+02
  351.45  8.3609e+02
  351.50  8.0071e+02
  351.55  7.8010e+02
  351.60  8.1362e+02
  351.65  9.4900e+02
  351.70  1.0620e+03
  351.75  1.1331e+03
  351.80  1.1895e+03
  351.85  1.2616e+03
  351.90  1.2584e+03
  351.95  1.2291e+03
  352.00  1.1915e+03
  352.05  1.1183e+03
  352.10  1.0501e+03
  352.15  9.8540e+02
  352.20  9.3578e+02
  352.25  9.2173e+02
  352.30  9.6384e+02
  352.35  9.7155e+02
  352.40  9.4131e+02
  352.45  8.2611e+02
  352.50  7.4339e+02
  352.55  7.2184e+02
  352.60  7.2091e+02
  352.65  7.0587e+02
  352.70  6.6004e+02
  352.75  6.7421e+02
  352.80  7.9968e+02
  352.85  9.6210e+02
  352.90  1.0717e+03
  352.95  1.1531e+03
  353.00  1.1519e+03
  353.05  1.1183e+03
  353.10  1.0949e+03
  353.15  1.1232e+03
  353.20  1.1184e+03
  353.25  1.0830e+03
  353.30  9.6251e+02
  353.35  8.8951e+02
  353.40  9.2811e+02
  353.45  1.0175e+03
  353.50  1.1547e+03
  353.55  1.2135e+03
  353.60  1.1919e+03
  353.65  1.1554e+03
  353.70  1.1110e+03
  353.75  1.0842e+03
  353.80  1.0668e+03
  353.85  1.0556e+03
  353.90  1.0846e+03
  353.95  1.2056e+03
  354.00  1.2923e+03
  354.05  1.3162e+03
  354.10  1.2280e+03
  354.15  1.0985e+03
  354.20  1.0182e+03
  354.25  1.0047e+03
  354.30  1.0353e+03
  354.35  1.0883e+03
  354.40  1.1436e+03
  354.45  1.1973e+03
  354.50  1.2231e+03
  354.55  1.2203e+03
  354.60  1.1859e+03
  354.65  1.1660e+03
  354.70  1.1832e+03
  354.75  1.1979e+03
  354.80  1.1520e+03
  354.85  1.1302e+03
  354.90  1.0855e+03
  354.95  1.1289e+03
  355.00  1.2244e+03
  355.05  1.2415e+03
  355.10  1.2360e+03
  355.15  1.2029e+03
  355.20  1.1681e+03
  355.25  1.1519e+03
  355.30  1.1295e+03
  355.35  1.0808e+03
  355.40  1.0234e+03
  355.45  9.8167e+02
  355.50  9.3243e+02
  355.55  9.0529e+02
  355.60  9.6989e+02
  355.65  1.1138e+03
  355.70  1.1381e+03
  355.75  1.1184e+03
  355.80  1.1048e+03
  355.85  1.0858e+03
  355.90  1.0262e+03
  355.95  9.7335e+02
  356.00  1.0018e+03
  356.05  1.0322e+03
  356.10  1.0557e+03
  356.15  1.0672e+03
  356.20  1.0630e+03
  356.25  1.0955e+03
  356.30  1.1582e+03
  356.35  1.2341e+03
  356.40  1.2833e+03
  356.45  1.2809e+03
  356.50  1.1891e+03
  356.55  9.8842e+02
  356.60  7.3523e+02
  356.65  5.7241e+02
  356.70  5.8273e+02
  356.75  6.8747e+02
  356.80  8.4577e+02
  356.85  9.8212e+02
  356.90  9.9872e+02
  356.95  9.1656e+02
  357.00  7.3642e+02
  357.05  5.7178e+02
  357.10  5.3310e+02
  357.15  6.0344e+02
  357.20  7.1863e+02
  357.25  7.9985e+02
  357.30  8.4294e+02
  357.35  8.8676e+02
  357.40  9.4181e+02
  357.45  9.3929e+02
  357.50  9.3909e+02
  357.55  9.3019e+02
  357.60  9.4712e+02
  357.65  9.7345e+02
  357.70  1.0032e+03
  357.75  1.0399e+03
  357.80  1.0621e+03
  357.85  1.0111e+03
  357.90  8.9500e+02
  357.95  8.3377e+02
  358.00  8.1451e+02
  358.05  8.1468e+02
  358.10  7.7997e+02
  358.15  6.4882e+02
  358.20  4.7279e+02
  358.25  4.4337e+02
  358.30  4.9296e+02
  358.35  5.9107e+02
  358.40  7.2691e+02
  358.45  7.9632e+02
  358.50  7.9894e+02
  358.55  7.3453e+02
  358.60  5.9926e+02
  358.65  5.0789e+02
  358.70  5.3228e+02
  358.75  5.5708e+02
  358.80  5.8784e+02
  358.85  6.5220e+02
  358.90  7.2326e+02
  358.95  7.7947e+02
  359.00  7.8376e+02
  359.05  7.8822e+02
  359.10  8.2902e+02
  359.15  9.0756e+02
  359.20  1.0626e+03
  359.25  1.1740e+03
  359.30  1.1739e+03
  359.35  1.0753e+03
  359.40  1.0012e+03
  359.45  9.5336e+02
  359.50  9.9334e+02
  359.55  1.0399e+03
  359.60  1.0877e+03
  359.65  1.1621e+03
  359.70  1.2155e+03
  359.75  1.2567e+03
  359.80  1.2600e+03
  359.85  1.2100e+03
  359.90  1.1827e+03
  359.95  1.1549e+03
  360.00  1.1633e+03
  360.05  1.1987e+03
  360.10  1.2936e+03
  360.15  1.3397e+03
  360.20  1.3497e+03
  360.25  1.2171e+03
  360.30  1.0599e+03
  360.35  9.8062e+02
  360.40  9.4095e+02
  360.45  9.4217e+02
  360.50  9.4827e+02
  360.55  9.4582e+02
  360.60  9.0782e+02
  360.65  8.6920e+02
  360.70  9.1017e+02
  360.75  9.7857e+02
  360.80  1.0316e+03
  360.85  1.0268e+03
  360.90  9.1685e+02
  360.95  7.4050e+02
  361.00  6.3960e+02
  361.05  6.5036e+02
  361.10  7.2484e+02
  361.15  7.9407e+02
  361.20  9.0100e+02
  361.25  1.0155e+03
  361.30  1.0701e+03
  361.35  1.0317e+03
  361.40  9.8332e+02
  361.45  9.1142e+02
  361.50  9.2232e+02
  361.55  1.0015e+03
  361.60  1.0690e+03
  361.65  1.1439e+03
  361.70  1.1685e+03
  361.75  1.1322e+03
  361.80  1.0794e+03
  361.85  9.2111e+02
  361.90  7.1486e+02
  361.95  5.4165e+02
  362.00  4.9151e+02
  362.05  5.7905e+02
  362.10  7.3366e+02
  362.15  8.6752e+02
  362.20  8.9302e+02
  362.25  9.3110e+02
  362.30  1.0462e+03
  362.35  1.1398e+03
  362.40  1.1243e+03
  362.45  1.0910e+03
  362.50  1.0155e+03
  362.55  1.0225e+03
  362.60  1.1445e+03
  362.65  1.1911e+03
  362.70  1.3125e+03
  362.75  1.3613e+03
  362.80  1.3846e+03
  362.85  1.3502e+03
  362.90  1.3146e+03
  362.95  1.3070e+03
  363.00  1.3123e+03
  363.05  1.2741e+03
  363.10  1.1455e+03
  363.15  8.5360e+02
  363.20  7.1017e+02
  363.25  5.8641e+02
  363.30  6.5144e+02
  363.35  8.1230e+02
  363.40  9.3909e+02
  363.45  9.7258e+02
  363.50  9.5395e+02
  363.55  8.9844e+02
  363.60  9.4827e+02
  363.65  1.0057e+03
  363.70  1.0507e+03
  363.75  1.0588e+03
  363.80  1.0514e+03
  363.85  1.0705e+03
  363.90  1.1030e+03
  363.95  1.1731e+03
  364.00  1.2389e+03
  364.05  1.2661e+03
  364.10  1.2795e+03
  364.15  1.2703e+03
  364.20  1.2655e+03
  364.25  1.2200e+03
  364.30  1.1912e+03
  364.35  1.1232e+03
  364.40  1.0992e+03
  364.45  1.0730e+03
  364.50  1.0396e+03
  364.55  9.6710e+02
  364.60  9.4453e+02
  364.65  9.4640e+02
  364.70  1.0159e+03
  364.75  1.0488e+03
  364.80  9.1924e+02
  364.85  8.6319e+02
  364.90  7.6923e+02
  364.95  8.5079e+02
  365.00  9.4091e+02
  365.05  9.1328e+02
  365.10  9.1787e+02
  365.15  1.0191e+03
  365.20  1.0906e+03
  365.25  1.1055e+03
  365.30  1.1467e+03
  365.35  1.2708e+03
  365.40  1.3439e+03
  365.45  1.2991e+03
  365.50  1.2882e+03
  365.55  1.2805e+03
  365.60  1.2661e+03
  365.65  1.2412e+03
  365.70  1.2621e+03
  365.75  1.3258e+03
  365.80  1.3496e+03
  365.85  1.3305e+03
  365.90  1.3310e+03
  365.95  1.3903e+03
  366.00  1.4302e+03
  366.05  1.4203e+03
  366.10  1.3813e+03
  366.15  1.3668e+03
  366.20  1.3892e+03
  366.25  1.3960e+03
  366.30  1.3870e+03
  366.35  1.3266e+03
  366.40  1.2643e+03
  366.45  1.2075e+03
  366.50  1.1822e+03
  366.55  1.2110e+03
  366.60  1.2979e+03
  366.65  1.3437e+03
  366.70  1.3018e+03
  366.75  1.2731e+03
  366.80  1.2572e+03
  366.85  1.2801e+03
  366.90  1.3078e+03
  366.95  1.2544e+03
  367.00  1.1466e+03
  367.05  1.0820e+03
  367.10  1.0701e+03
  367.15  1.1362e+03
  367.20  1.2237e+03
  367.25  1.3608e+03
  367.30  1.4273e+03
  367.35  1.4342e+03
  367.40  1.3726e+03
  367.45  1.2917e+03
  367.50  1.2743e+03
  367.55  1.2835e+03
  367.60  1.3370e+03
  367.65  1.3770e+03
  367.70  1.3790e+03
  367.75  1.2560e+03
  367.80  1.1881e+03
  367.85  1.0717e+03
  367.90  1.0690e+03
  367.95  1.1248e+03
  368.00  1.1280e+03
  368.05  1.0730e+03
  368.10  9.9764e+02
  368.15  1.0036e+03
  368.20  1.0531e+03
  368.25  1.1511e+03
  368.30  1.1840e+03
  368.35  1.1834e+03
  368.40  1.2022e+03
  368.45  1.2706e+03
  368.50  1.2902e+03
  368.55  1.2602e+03
  368.60  1.1869e+03
  368.65  1.1044e+03
  368.70  1.0811e+03
  368.75  1.0625e+03
  368.80  9.9540e+02
  368.85  9.2092e+02
  368.90  9.5560e+02
  368.95  1.0168e+03
  369.00  1.0691e+03
  369.05  1.1627e+03
  369.10  1.2474e+03
  369.15  1.3401e+03
  369.20  1.4304e+03
  369.25  1.4878e+03
  369.30  1.4971e+03
  369.35  1.4367e+03
  369.40  1.3218e+03
  369.45  1.2212e+03
  369.50  1.1802e+03
  369.55  1.1947e+03
  369.60  1.2595e+03
  369.65  1.2871e+03
  369.70  1.2710e+03
  369.75  1.2647e+03
  369.80  1.2631e+03
  369.85  1.2852e+03
  369.90  1.3146e+03
  369.95  1.3559e+03
  370.00  1.4242e+03
  370.05  1.4910e+03
  370.10  1.5080e+03
  370.15  1.4659e+03
  370.20  1.4233e+03
  370.25  1.3830e+03
  370.30  1.3802e+03
  370.35  1.3671e+03
  370.40  1.3437e+03
  370.45  1.2360e+03
  370.50  1.0904e+03
  370.55  1.0098e+03
  370.60  9.6822e+02
  370.65  8.7687e+02
  370.70  8.6061e+02
  370.75  9.3617e+02
  370.80  9.9055e+02
  370.85  9.9295e+02
  370.90  9.7959e+02
  370.95  9.7172e+02
  371.00  9.3616e+02
  371.05  9.1636e+02
  371.10  1.0481e+03
  371.15  1.1830e+03
  371.20  1.2647e+03
  371.25  1.2952e+03
  371.30  1.3305e+03
  371.35  1.3777e+03
  371.40  1.4639e+03
  371.45  1.5065e+03
  371.50  1.5759e+03
  371.55  1.5955e+03
  371.60  1.5342e+03
  371.65  1.4565e+03
  371.70  1.3754e+03
  371.75  1.3872e+03
  371.80  1.4218e+03
  371.85  1.4273e+03
  371.90  1.3414e+03
  371.95  1.1855e+03
  372.00  9.8352e+02
  372.05  8.3243e+02
  372.10  6.5897e+02
  372.15  6.4489e+02
  372.20  6.9270e+02
  372.25  7.1065e+02
  372.30  7.1037e+02
  372.35  7.7925e+02
  372.40  8.7685e+02
  372.45  1.0628e+03
  372.50  1.1428e+03
  372.55  1.2449e+03
  372.60  1.2954e+03
  372.65  1.3933e+03
  372.70  1.4179e+03
  372.75  1.2606e+03
  372.80  1.0799e+03
  372.85  9.3019e+02
  372.90  9.6422e+02
  372.95  1.1434e+03
  373.00  1.3074e+03
  373.05  1.3869e+03
  373.10  1.3318e+03
  373.15  1.2258e+03
  373.20  1.1489e+03
  373.25  1.1408e+03
  373.30  1.1226e+03
  373.35  1.0149e+03
  373.40  8.7979e+02
  373.45  7.6244e+02
  373.50  6.9795e+02
  373.55  5.8414e+02
  373.60  5.1673e+02
  373.65  5.6873e+02
  373.70  6.1385e+02
  373.75  6.2513e+02
  373.80  6.3339e+02
  373.85  6.7174e+02
  373.90  7.5557e+02
  373.95  9.5561e+02
  374.00  1.1025e+03
  374.05  1.1804e+03
  374.10  1.2178e+03
  374.15  1.3323e+03
  374.20  1.3506e+03
  374.25  1.3444e+03
  374.30  1.3093e+03
  374.35  1.1494e+03
  374.40  9.8765e+02
  374.45  9.2620e+02
  374.50  9.2914e+02
  374.55  9.4151e+02
  374.60  8.2018e+02
  374.65  7.2393e+02
  374.70  6.9877e+02
  374.75  7.6430e+02
  374.80  8.8911e+02
  374.85  8.4215e+02
  374.90  7.6654e+02
  374.95  6.3557e+02
  375.00  5.2888e+02
  375.05  5.4037e+02
  375.10  6.0171e+02
  375.15  7.9755e+02
  375.20  1.0109e+03
  375.25  1.1581e+03
  375.30  1.2363e+03
  375.35  1.2530e+03
  375.40  1.2525e+03
  375.45  1.2818e+03
  375.50  1.3570e+03
  375.55  1.4311e+03
  375.60  1.5199e+03
  375.65  1.5552e+03
  375.70  1.5296e+03
  375.75  1.4610e+03
  375.80  1.2589e+03
  375.85  9.9652e+02
  375.90  8.0117e+02
  375.95  7.4148e+02
  376.00  8.0395e+02
  376.05  9.7094e+02
  376.10  1.1100e+03
  376.15  1.1698e+03
  376.20  1.1895e+03
  376.25  1.1834e+03
  376.30  1.2127e+03
  376.35  1.2017e+03
  376.40  1.0909e+03
  376.45  9.8306e+02
  376.50  9.9469e+02
  376.55  1.0973e+03
  376.60  1.2033e+03
  376.65  1.2481e+03
  376.70  1.1768e+03
  376.75  1.0350e+03
  376.80  9.5623e+02
  376.85  9.5087e+02
  376.90  1.1180e+03
  376.95  1.1605e+03
  377.00  1.2315e+03
  377.05  1.2432e+03
  377.10  1.1125e+03
  377.15  1.0637e+03
  377.20  1.0790e+03
  377.25  1.1617e+03
  377.30  1.2960e+03
  377.35  1.3707e+03
  377.40  1.4136e+03
  377.45  1.4294e+03
  377.50  1.4096e+03
  377.55  1.3882e+03
  377.60  1.3718e+03
  377.65  1.3536e+03
  377.70  1.3560e+03
  377.75  1.3929e+03
  377.80  1.4245e+03
  377.85  1.4179e+03
  377.90  1.3774e+03
  377.95  1.3692e+03
  378.00  1.3861e+03
  378.05  1.4606e+03
  378.10  1.5477e+03
  378.15  1.5834e+03
  378.20  1.5621e+03
  378.25  1.5340e+03
  378.30  1.5067e+03
  378.35  1.5032e+03
  378.40  1.5224e+03
  378.45  1.5500e+03
  378.50  1.6173e+03
  378.55  1.6641e+03
  378.60  1.5895e+03
  378.65  1.3976e+03
  378.70  1.1926e+03
  378.75  1.1266e+03
  378.80  1.1448e+03
  378.85  1.1645e+03
  378.90  1.1627e+03
  378.95  1.1522e+03
  379.00  1.1043e+03
  379.05  1.0730e+03
  379.10  1.0663e+03
  379.15  1.1293e+03
  379.20  1.2024e+03
  379.25  1.2965e+03
  379.30  1.3003e+03
  379.35  1.2486e+03
  379.40  1.1930e+03
  379.45  1.1293e+03
  379.50  1.0637e+03
  379.55  1.0075e+03
  379.60  9.8350e+02
  379.65  1.0007e+03
  379.70  1.0803e+03
  379.75  1.1049e+03
  379.80  1.0548e+03
  379.85  9.2325e+02
  379.90  8.3672e+02
  379.95  8.1270e+02
  380.00  8.3291e+02
  380.05  9.2280e+02
  380.10  1.0664e+03
  380.15  1.2105e+03
  380.20  1.2589e+03
  380.25  1.2429e+03
  380.30  1.2645e+03
  380.35  1.3262e+03
  380.40  1.3913e+03
  380.45  1.4479e+03
  380.50  1.4552e+03
  380.55  1.4282e+03
  380.60  1.4039e+03
  380.65  1.3885e+03
  380.70  1.3092e+03
  380.75  1.1963e+03
  380.80  1.1131e+03
  380.85  1.0923e+03
  380.90  1.1982e+03
  380.95  1.3125e+03
  381.00  1.3704e+03
  381.05  1.4039e+03
  381.10  1.4523e+03
  381.15  1.4713e+03
  381.20  1.4569e+03
  381.25  1.4321e+03
  381.30  1.3803e+03
  381.35  1.2627e+03
  381.40  1.1274e+03
  381.45  1.0655e+03
  381.50  1.0383e+03
  381.55  1.0123e+03
  381.60  9.4302e+02
  381.65  8.3964e+02
  381.70  7.8122e+02
  381.75  8.7544e+02
  381.80  1.0170e+03
  381.85  1.1422e+03
  381.90  1.2139e+03
  381.95  1.2072e+03
  382.00  1.1235e+03
  382.05  9.5398e+02
  382.10  7.6114e+02
  382.15  6.2668e+02
  382.20  6.5389e+02
  382.25  7.5901e+02
  382.30  9.3420e+02
  382.35  1.1191e+03
  382.40  1.1261e+03
  382.45  1.0933e+03
  382.50  9.4924e+02
  382.55  7.7747e+02
  382.60  7.0016e+02
  382.65  6.4050e+02
  382.70  6.1185e+02
  382.75  6.4843e+02
  382.80  7.0082e+02
  382.85  7.1155e+02
  382.90  7.0375e+02
  382.95  7.1969e+02
  383.00  7.3509e+02
  383.05  7.4185e+02
  383.10  7.9940e+02
  383.15  8.8287e+02
  383.20  8.7304e+02
  383.25  7.9757e+02
  383.30  7.1502e+02
  383.35  6.0805e+02
  383.40  6.0360e+02
  383.45  6.1460e+02
  383.50  6.1283e+02
  383.55  6.4023e+02
  383.60  7.0530e+02
  383.65  8.0037e+02
  383.70  8.3972e+02
  383.75  8.5599e+02
  383.80  8.3583e+02
  383.85  7.2274e+02
  383.90  6.4498e+02
  383.95  5.9086e+02
  384.00  6.2925e+02
  384.05  6.7016e+02
  384.10  6.8464e+02
  384.15  6.4055e+02
  384.20  6.6536e+02
  384.25  8.3942e+02
  384.30  9.7647e+02
  384.35  1.1229e+03
  384.40  1.1511e+03
  384.45  1.1415e+03
  384.50  1.1659e+03
  384.55  1.1972e+03
  384.60  1.1941e+03
  384.65  1.1704e+03
  384.70  1.1464e+03
  384.75  1.1355e+03
  384.80  1.1853e+03
  384.85  1.2543e+03
  384.90  1.3061e+03
  384.95  1.3044e+03
  385.00  1.1275e+03
  385.05  1.0271e+03
  385.10  9.5095e+02
  385.15  9.2340e+02
  385.20  1.0202e+03
  385.25  1.1958e+03
  385.30  1.2912e+03
  385.35  1.2853e+03
  385.40  1.2201e+03
  385.45  1.1426e+03
  385.50  1.0981e+03
  385.55  1.0755e+03
  385.60  1.0720e+03
  385.65  1.0257e+03
  385.70  9.4315e+02
  385.75  9.2389e+02
  385.80  1.0107e+03
  385.85  1.0590e+03
  385.90  1.0082e+03
  385.95  8.9095e+02
  386.00  7.4086e+02
  386.05  6.3464e+02
  386.10  6.0211e+02
  386.15  6.2351e+02
  386.20  7.5774e+02
  386.25  9.3867e+02
  386.30  1.0904e+03
  386.35  1.2637e+03
  386.40  1.3389e+03
  386.45  1.3315e+03
  386.50  1.2926e+03
  386.55  1.2754e+03
  386.60  1.2120e+03
  386.65  1.1360e+03
  386.70  1.1494e+03
  386.75  1.1701e+03
  386.80  1.1813e+03
  386.85  1.1566e+03
  386.90  1.1384e+03
  386.95  1.1354e+03
  387.00  1.1188e+03
  387.05  1.0578e+03
  387.10  9.5547e+02
  387.15  8.9667e+02
  387.20  8.1021e+02
  387.25  7.6413e+02
  387.30  7.6488e+02
  387.35  7.8047e+02
  387.40  8.4784e+02
  387.45  9.8936e+02
  387.50  1.1264e+03
  387.55  1.2477e+03
  387.60  1.3391e+03
  387.65  1.3666e+03
  387.70  1.3290e+03
  387.75  1.3173e+03
  387.80  1.2260e+03
  387.85  1.0628e+03
  387.90  8.6249e+02
  387.95  8.2992e+02
  388.00  8.6355e+02
  388.05  1.0196e+03
  388.10  1.1134e+03
  388.15  1.1276e+03
  388.20  1.0855e+03
  388.25  9.9394e+02
  388.30  8.7462e+02
  388.35  8.2922e+02
  388.40  8.7609e+02
  388.45  1.0567e+03
  388.50  1.2521e+03
  388.55  1.2931e+03
  388.60  1.2139e+03
  388.65  1.0476e+03
  388.70  8.5765e+02
  388.75  7.7878e+02
  388.80  8.3524e+02
  388.85  9.5836e+02
  388.90  9.4813e+02
  388.95  9.0602e+02
  389.00  8.7047e+02
  389.05  9.0991e+02
  389.10  1.0235e+03
  389.15  1.1455e+03
  389.20  1.2191e+03
  389.25  1.3171e+03
  389.30  1.3662e+03
  389.35  1.3539e+03
  389.40  1.3296e+03
  389.45  1.3102e+03
  389.50  1.3196e+03
  389.55  1.2904e+03
  389.60  1.2554e+03
  389.65  1.1887e+03
  389.70  1.2180e+03
  389.75  1.3792e+03
  389.80  1.4693e+03
  389.85  1.4622e+03
  389.90  1.3805e+03
  389.95  1.3445e+03
  390.00  1.3041e+03
  390.05  1.2415e+03
  390.10  1.2210e+03
  390.15  1.2913e+03
  390.20  1.3840e+03
  390.25  1.4393e+03
  390.30  1.3654e+03
  390.35  1.2014e+03
  390.40  1.1339e+03
  390.45  1.1469e+03
  390.50  1.2127e+03
  390.55  1.2055e+03
  390.60  1.1585e+03
  390.65  1.0342e+03
  390.70  9.8400e+02
  390.75  1.1272e+03
  390.80  1.1983e+03
  390.85  1.3228e+03
  390.90  1.4032e+03
  390.95  1.4445e+03
  391.00  1.4667e+03
  391.05  1.4435e+03
  391.10  1.3861e+03
  391.15  1.3731e+03
  391.20  1.3952e+03
  391.25  1.4601e+03
  391.30  1.5457e+03
  391.35  1.5408e+03
  391.40  1.5361e+03
  391.45  1.4675e+03
  391.50  1.4162e+03
  391.55  1.4473e+03
  391.60  1.4708e+03
  391.65  1.4599e+03
  391.70  1.3931e+03
  391.75  1.3587e+03
  391.80  1.3735e+03
  391.85  1.3990e+03
  391.90  1.3943e+03
  391.95  1.3205e+03
  392.00  1.2920e+03
  392.05  1.2644e+03
  392.10  1.1839e+03
  392.15  1.0508e+03
  392.20  1.0076e+03
  392.25  1.0407e+03
  392.30  1.1071e+03
  392.35  1.1205e+03
  392.40  1.1201e+03
  392.45  1.1547e+03
  392.50  1.2534e+03
  392.55  1.2722e+03
  392.60  1.2280e+03
  392.65  1.1675e+03
  392.70  1.0806e+03
  392.75  1.0423e+03
  392.80  9.8879e+02
  392.85  9.4225e+02
  392.90  8.0003e+02
  392.95  7.0767e+02
  393.00  6.7375e+02
  393.05  6.4530e+02
  393.10  5.9897e+02
  393.15  5.3714e+02
  393.20  5.0088e+02
  393.25  4.7426e+02
  393.30  4.3428e+02
  393.35  3.6933e+02
  393.40  3.1353e+02
  393.45  2.7112e+02
  393.50  2.5393e+02
  393.55  2.8533e+02
  393.60  3.3223e+02
  393.65  3.8021e+02
  393.70  4.3067e+02
  393.75  5.1423e+02
  393.80  5.9183e+02
  393.85  6.2680e+02
  393.90  6.7340e+02
  393.95  7.7093e+02
  394.00  8.6438e+02
  394.05  9.2874e+02
  394.10  9.8933e+02
  394.15  1.0113e+03
  394.20  1.0135e+03
  394.25  1.0124e+03
  394.30  1.0456e+03
  394.35  1.0730e+03
  394.40  1.0355e+03
  394.45  9.5996e+02
  394.50  9.0018e+02
  394.55  8.9654e+02
  394.60  1.0268e+03
  394.65  1.1540e+03
  394.70  1.3048e+03
  394.75  1.3970e+03
  394.80  1.3669e+03
  394.85  1.2976e+03
  394.90  1.2450e+03
  394.95  1.2268e+03
  395.00  1.2804e+03
  395.05  1.3755e+03
  395.10  1.4393e+03
  395.15  1.4982e+03
  395.20  1.5275e+03
  395.25  1.4919e+03
  395.30  1.4291e+03
  395.35  1.2736e+03
  395.40  1.2383e+03
  395.45  1.3140e+03
  395.50  1.4402e+03
  395.55  1.5353e+03
  395.60  1.5184e+03
  395.65  1.4434e+03
  395.70  1.3472e+03
  395.75  1.2591e+03
  395.80  1.2831e+03
  395.85  1.3364e+03
  395.90  1.3848e+03
  395.95  1.4377e+03
  396.00  1.5030e+03
  396.05  1.5101e+03
  396.10  1.4679e+03
  396.15  1.2872e+03
  396.20  1.0342e+03
  396.25  8.9197e+02
  396.30  8.2767e+02
  396.35  8.4264e+02
  396.40  8.8889e+02
  396.45  9.1099e+02
  396.50  9.1163e+02
  396.55  8.7102e+02
  396.60  8.1605e+02
  396.65  7.3461e+02
  396.70  6.5169e+02
  396.75  5.6315e+02
  396.80  4.6761e+02
  396.85  3.8993e+02
  396.90  3.4764e+02
  396.95  3.0553e+02
  397.00  2.9121e+02
  397.05  3.2942e+02
  397.10  4.1278e+02
  397.15  4.6919e+02
  397.20  5.8513e+02
  397.25  6.6752e+02
  397.30  7.3079e+02
  397.35  7.8882e+02
  397.40  8.4730e+02
  397.45  8.9856e+02
  397.50  9.3832e+02
  397.55  9.8698e+02
  397.60  1.1069e+03
  397.65  1.1863e+03
  397.70  1.2057e+03
  397.75  1.2245e+03
  397.80  1.2619e+03
  397.85  1.3369e+03
  397.90  1.3885e+03
  397.95  1.4368e+03
  398.00  1.5032e+03
  398.05  1.5687e+03
  398.10  1.6090e+03
  398.15  1.6350e+03
  398.20  1.6269e+03
  398.25  1.5583e+03
  398.30  1.5253e+03
  398.35  1.5134e+03
  398.40  1.5093e+03
  398.45  1.4788e+03
  398.50  1.4635e+03
  398.55  1.4987e+03
  398.60  1.5559e+03
  398.65  1.5801e+03
  398.70  1.5546e+03
  398.75  1.4958e+03
  398.80  1.4583e+03
  398.85  1.6165e+03
  398.90  1.7230e+03
  398.95  1.7580e+03
  399.00  1.7114e+03
  399.05  1.6440e+03
  399.10  1.6125e+03
  399.15  1.6224e+03
  399.20  1.6795e+03
  399.25  1.7239e+03
  399.30  1.7385e+03
  399.35  1.7562e+03
  399.40  1.7780e+03
  399.45  1.7462e+03
  399.50  1.7065e+03
  399.55  1.6793e+03
  399.60  1.6621e+03
  399.65  1.6591e+03
  399.70  1.6502e+03
  399.75  1.6196e+03
  399.80  1.5639e+03
  399.85  1.4908e+03
  399.90  1.5010e+03
  399.95  1.6587e+03
  400.00  1.7136e+03
  400.05  1.8253e+03
  400.10  1.8577e+03
  400.15  1.8013e+03
  400.20  1.7494e+03
  400.25  1.7565e+03
  400.30  1.7849e+03
  400.35  1.8590e+03
  400.40  1.9128e+03
  400.45  1.9029e+03
  400.50  1.8289e+03
  400.55  1.6737e+03
  400.60  1.4243e+03
  400.65  1.3330e+03
  400.70  1.3870e+03
  400.75  1.4668e+03
  400.80  1.5869e+03
  400.85  1.6929e+03
  400.90  1.8107e+03
  400.95  1.8266e+03
  401.00  1.7945e+03
  401.05  1.7635e+03
  401.10  1.7685e+03
  401.15  1.7829e+03
  401.20  1.8097e+03
  401.25  1.8172e+03
  401.30  1.8157e+03
  401.35  1.8348e+03
  401.40  1.8482e+03
  401.45  1.8162e+03
  401.50  1.7745e+03
  401.55  1.7822e+03
  401.60  1.8293e+03
  401.65  1.8757e+03
  401.70  1.8498e+03
  401.75  1.7978e+03
  401.80  1.7012e+03
  401.85  1.6336e+03
  401.90  1.6891e+03
  401.95  1.7937e+03
  402.00  1.8863e+03
  402.05  1.9114e+03
  402.10  1.8425e+03
  402.15  1.8230e+03
  402.20  1.7989e+03
  402.25  1.8009e+03
  402.30  1.8080e+03
  402.35  1.8426e+03
  402.40  1.8575e+03
  402.45  1.8443e+03
  402.50  1.7867e+03
  402.55  1.7201e+03
  402.60  1.7074e+03
  402.65  1.7567e+03
  402.70  1.8292e+03
  402.75  1.8830e+03
  402.80  1.9021e+03
  402.85  1.9278e+03
  402.90  1.9471e+03
  402.95  1.9570e+03
  403.00  1.9490e+03
  403.05  1.8104e+03
  403.10  1.6224e+03
  403.15  1.4708e+03
  403.20  1.4546e+03
  403.25  1.5302e+03
  403.30  1.5519e+03
  403.35  1.4993e+03
  403.40  1.4840e+03
  403.45  1.5075e+03
  403.50  1.5627e+03
  403.55  1.5951e+03
  403.60  1.6385e+03
  403.65  1.6945e+03
  403.70  1.7944e+03
  403.75  1.9037e+03
  403.80  1.9759e+03
  403.85  2.0157e+03
  403.90  2.0289e+03
  403.95  2.0162e+03
  404.00  1.9878e+03
  404.05  1.9557e+03
  404.10  1.8582e+03
  404.15  1.7758e+03
  404.20  1.7686e+03
  404.25  1.8026e+03
  404.30  1.9429e+03
  404.35  2.0416e+03
  404.40  2.0117e+03
  404.45  1.8902e+03
  404.50  1.6793e+03
  404.55  1.4342e+03
  404.60  1.2081e+03
  404.65  1.0778e+03
  404.70  1.0458e+03
  404.75  1.3389e+03
  404.80  1.6260e+03
  404.85  1.7882e+03
  404.90  1.8901e+03
  404.95  1.8734e+03
  405.00  1.8538e+03
  405.05  1.8746e+03
  405.10  1.9474e+03
  405.15  2.0059e+03
  405.20  1.9953e+03
  405.25  1.9405e+03
  405.30  1.8287e+03
  405.35  1.7611e+03
  405.40  1.7733e+03
  405.45  1.7904e+03
  405.50  1.7583e+03
  405.55  1.6905e+03
  405.60  1.6628e+03
  405.65  1.6850e+03
  405.70  1.7451e+03
  405.75  1.7426e+03
  405.80  1.6406e+03
  405.85  1.5561e+03
  405.90  1.5237e+03
  405.95  1.5540e+03
  406.00  1.6373e+03
  406.05  1.7124e+03
  406.10  1.8304e+03
  406.15  1.9085e+03
  406.20  1.9082e+03
  406.25  1.8703e+03
  406.30  1.7528e+03
  406.35  1.5384e+03
  406.40  1.3006e+03
  406.45  1.1832e+03
  406.50  1.2272e+03
  406.55  1.4717e+03
  406.60  1.6666e+03
  406.65  1.7453e+03
  406.70  1.7075e+03
  406.75  1.6143e+03
  406.80  1.5621e+03
  406.85  1.5787e+03
  406.90  1.7130e+03
  406.95  1.8558e+03
  407.00  1.9455e+03
  407.05  1.9673e+03
  407.10  1.9016e+03
  407.15  1.6976e+03
  407.20  1.4220e+03
  407.25  1.3018e+03
  407.30  1.3087e+03
  407.35  1.5662e+03
  407.40  1.7882e+03
  407.45  1.8659e+03
  407.50  1.8563e+03
  407.55  1.8018e+03
  407.60  1.7495e+03
  407.65  1.7160e+03
  407.70  1.6148e+03
  407.75  1.4731e+03
  407.80  1.3848e+03
  407.85  1.3741e+03
  407.90  1.4362e+03
  407.95  1.5443e+03
