  2.9750800e+002  4.8670000e-019  4.9360000e-019  4.9587132e-019  5.0290000e-019  5.2000000e-019  5.4170000e-019
  2.9755800e+002  4.8080000e-019  4.8830000e-019  4.9219359e-019  5.0100000e-019  5.1690000e-019  5.3820000e-019
  2.9760800e+002  4.8090000e-019  4.8440000e-019  4.9003325e-019  4.9900000e-019  5.1440000e-019  5.3450000e-019
  2.9765800e+002  4.7560000e-019  4.8190000e-019  4.8292162e-019  4.8890000e-019  5.0770000e-019  5.3150000e-019
  2.9770800e+002  4.6860000e-019  4.7550000e-019  4.7971255e-019  4.8920000e-019  5.0360000e-019  5.2590000e-019
  2.9775800e+002  4.6620000e-019  4.7430000e-019  4.7640549e-019  4.8480000e-019  5.0040000e-019  5.2520000e-019
  2.9780800e+002  4.6710000e-019  4.7110000e-019  4.7418600e-019  4.8160000e-019  4.9800000e-019  5.2100000e-019
  2.9785800e+002  4.6000000e-019  4.6590000e-019  4.6964441e-019  4.7780000e-019  4.9540000e-019  5.1770000e-019
  2.9790800e+002  4.5670000e-019  4.6170000e-019  4.6536521e-019  4.7320000e-019  4.9070000e-019  5.1300000e-019
  2.9795800e+002  4.5440000e-019  4.6070000e-019  4.6354689e-019  4.7050000e-019  4.8760000e-019  5.0780000e-019
  2.9800800e+002  4.5020000e-019  4.5750000e-019  4.6043088e-019  4.6840000e-019  4.8450000e-019  5.0630000e-019
  2.9805800e+002  4.4540000e-019  4.5420000e-019  4.5769519e-019  4.6690000e-019  4.8290000e-019  5.0560000e-019
  2.9810800e+002  4.4320000e-019  4.5210000e-019  4.5426902e-019  4.6260000e-019  4.7920000e-019  5.0340000e-019
  2.9815200e+002  4.4480000e-019  4.5040000e-019  4.5402625e-019  4.6090000e-019  4.7840000e-019  4.9680000e-019
  2.9820200e+002  4.4560000e-019  4.4910000e-019  4.5213089e-019  4.5880000e-019  4.7390000e-019  4.9410000e-019
  2.9825200e+002  4.4150000e-019  4.4600000e-019  4.4907243e-019  4.5550000e-019  4.7200000e-019  4.9110000e-019
  2.9830200e+002  4.3870000e-019  4.4310000e-019  4.4625442e-019  4.5370000e-019  4.6880000e-019  4.9040000e-019
  2.9835200e+002  4.3550000e-019  4.4180000e-019  4.4353287e-019  4.5060000e-019  4.6500000e-019  4.8740000e-019
  2.9840200e+002  4.3170000e-019  4.3620000e-019  4.3915625e-019  4.4630000e-019  4.6040000e-019  4.8080000e-019
  2.9845200e+002  4.3020000e-019  4.3380000e-019  4.3763184e-019  4.4480000e-019  4.5980000e-019  4.7900000e-019
  2.9850200e+002  4.3000000e-019  4.3300000e-019  4.3858388e-019  4.4770000e-019  4.5890000e-019  4.7740000e-019
  2.9855200e+002  4.2780000e-019  4.3080000e-019  4.3324808e-019  4.3980000e-019  4.5610000e-019  4.7910000e-019
  2.9860200e+002  4.2700000e-019  4.2940000e-019  4.3298722e-019  4.3930000e-019  4.5620000e-019  4.7570000e-019
  2.9865200e+002  4.2210000e-019  4.2930000e-019  4.3643369e-019  4.5130000e-019  4.5130000e-019  4.7320000e-019
  2.9870200e+002  4.1770000e-019  4.2590000e-019  4.2685728e-019  4.3220000e-019  4.5060000e-019  4.7010000e-019
  2.9875200e+002  4.1990000e-019  4.2610000e-019  4.2724322e-019  4.3290000e-019  4.4890000e-019  4.6940000e-019
  2.9880200e+002  4.1950000e-019  4.2390000e-019  4.2654336e-019  4.3100000e-019  4.4940000e-019  4.6430000e-019
  2.9885200e+002  4.1790000e-019  4.2020000e-019  4.2136063e-019  4.2440000e-019  4.4520000e-019  4.6370000e-019
  2.9890200e+002  4.0960000e-019  4.1680000e-019  4.1520607e-019  4.1780000e-019  4.3950000e-019  4.6080000e-019
  2.9895200e+002  4.0350000e-019  4.1220000e-019  4.1557043e-019  4.2470000e-019  4.3750000e-019  4.5830000e-019
  2.9900200e+002  4.0980000e-019  4.1100000e-019  4.1365554e-019  4.1860000e-019  4.3380000e-019  4.5160000e-019
  2.9905200e+002  4.0480000e-019  4.0650000e-019  4.1114457e-019  4.1720000e-019  4.3290000e-019  4.4800000e-019
  2.9910200e+002  3.9240000e-019  3.9960000e-019  4.0216029e-019  4.1030000e-019  4.2400000e-019  4.4610000e-019
  2.9915200e+002  3.9140000e-019  3.9730000e-019  3.9869777e-019  4.0500000e-019  4.1910000e-019  4.4010000e-019
  2.9920200e+002  3.8670000e-019  3.9270000e-019  3.9378464e-019  4.0080000e-019  4.1650000e-019  4.4200000e-019
  2.9925200e+002  3.8920000e-019  3.9200000e-019  3.9372503e-019  3.9850000e-019  4.1380000e-019  4.3240000e-019
  2.9930200e+002  3.8260000e-019  3.8940000e-019  3.8890643e-019  3.9380000e-019  4.0880000e-019  4.3060000e-019
  2.9935200e+002  3.7620000e-019  3.8080000e-019  3.8354209e-019  3.9050000e-019  4.0530000e-019  4.2610000e-019
  2.9940200e+002  3.7000000e-019  3.7720000e-019  3.7900477e-019  3.8480000e-019  4.0110000e-019  4.1910000e-019
  2.9945200e+002  3.6960000e-019  3.7150000e-019  3.7580553e-019  3.8260000e-019  3.9860000e-019  4.1740000e-019
  2.9950200e+002  3.6460000e-019  3.6990000e-019  3.7716909e-019  3.8910000e-019  3.9540000e-019  4.1270000e-019
  2.9955200e+002  3.6520000e-019  3.6710000e-019  3.6925615e-019  3.7460000e-019  3.9220000e-019  4.1390000e-019
  2.9960200e+002  3.6030000e-019  3.6290000e-019  3.6646746e-019  3.7270000e-019  3.8830000e-019  4.0650000e-019
  2.9965200e+002  3.5550000e-019  3.5990000e-019  3.6347650e-019  3.6960000e-019  3.8640000e-019  4.0310000e-019
  2.9970200e+002  3.5590000e-019  3.5800000e-019  3.6099890e-019  3.6590000e-019  3.8410000e-019  4.0170000e-019
  2.9975200e+002  3.5450000e-019  3.5760000e-019  3.5959927e-019  3.6340000e-019  3.8280000e-019  3.9950000e-019
  2.9980200e+002  3.4890000e-019  3.5610000e-019  3.5951239e-019  3.6730000e-019  3.8160000e-019  4.0010000e-019
  2.9985200e+002  3.4560000e-019  3.5530000e-019  3.5787296e-019  3.6520000e-019  3.8000000e-019  3.9730000e-019
  2.9990200e+002  3.5120000e-019  3.5590000e-019  3.5823747e-019  3.6360000e-019  3.7860000e-019  3.9510000e-019
  2.9995200e+002  3.4970000e-019  3.4950000e-019  3.5367251e-019  3.5990000e-019  3.7690000e-019  3.9700000e-019
  3.0000100e+002  3.4550000e-019  3.5380000e-019  3.5445894e-019  3.5940000e-019  3.7520000e-019  3.9240000e-019
  3.0005100e+002  3.4420000e-019  3.5090000e-019  3.5015816e-019  3.5230000e-019  3.7300000e-019  3.8980000e-019
  3.0010100e+002  3.4230000e-019  3.4790000e-019  3.5264094e-019  3.6260000e-019  3.6980000e-019  3.8860000e-019
  3.0015100e+002  3.4000000e-019  3.4500000e-019  3.4700643e-019  3.5240000e-019  3.6760000e-019  3.8510000e-019
  3.0020100e+002  3.3590000e-019  3.4340000e-019  3.4426883e-019  3.4940000e-019  3.6560000e-019  3.8390000e-019
  3.0025100e+002  3.3490000e-019  3.3980000e-019  3.4205540e-019  3.4760000e-019  3.6290000e-019  3.8030000e-019
  3.0030100e+002  3.3290000e-019  3.3980000e-019  3.4120071e-019  3.4650000e-019  3.6180000e-019  3.7900000e-019
  3.0035100e+002  3.3060000e-019  3.3780000e-019  3.3943673e-019  3.4560000e-019  3.5810000e-019  3.7540000e-019
  3.0040100e+002  3.2910000e-019  3.3570000e-019  3.3741646e-019  3.4270000e-019  3.5660000e-019  3.7210000e-019
  3.0045100e+002  3.2900000e-019  3.3460000e-019  3.3616189e-019  3.4180000e-019  3.5480000e-019  3.7250000e-019
  3.0050100e+002  3.2820000e-019  3.3320000e-019  3.3536802e-019  3.4110000e-019  3.5410000e-019  3.7080000e-019
  3.0055100e+002  3.2670000e-019  3.3170000e-019  3.3283939e-019  3.3760000e-019  3.5210000e-019  3.6970000e-019
  3.0060100e+002  3.2340000e-019  3.2900000e-019  3.3023542e-019  3.3530000e-019  3.4960000e-019  3.6720000e-019
  3.0065100e+002  3.1900000e-019  3.2620000e-019  3.2688608e-019  3.3250000e-019  3.4450000e-019  3.6260000e-019
  3.0070100e+002  3.1690000e-019  3.2300000e-019  3.2494668e-019  3.3120000e-019  3.4270000e-019  3.5980000e-019
  3.0075100e+002  3.1390000e-019  3.2020000e-019  3.2133455e-019  3.2660000e-019  3.4030000e-019  3.5780000e-019
  3.0080100e+002  3.0850000e-019  3.1640000e-019  3.1802990e-019  3.2480000e-019  3.3770000e-019  3.5670000e-019
  3.0085100e+002  3.0710000e-019  3.1420000e-019  3.1492713e-019  3.2000000e-019  3.3430000e-019  3.5200000e-019
  3.0090100e+002  3.0320000e-019  3.0890000e-019  3.1060952e-019  3.1610000e-019  3.3060000e-019  3.4820000e-019
  3.0095100e+002  2.9900000e-019  3.0660000e-019  3.0744943e-019  3.1300000e-019  3.2690000e-019  3.4510000e-019
  3.0100100e+002  2.9560000e-019  3.0340000e-019  3.0474346e-019  3.0970000e-019  3.2630000e-019  3.4240000e-019
  3.0105100e+002  2.9350000e-019  3.0170000e-019  3.0249296e-019  3.0750000e-019  3.2180000e-019  3.3790000e-019
  3.0110200e+002  2.8810000e-019  2.9530000e-019  2.9679506e-019  3.0260000e-019  3.1780000e-019  3.3610000e-019
  3.0115200e+002  2.8660000e-019  2.9270000e-019  2.9522393e-019  3.0140000e-019  3.1550000e-019  3.3220000e-019
  3.0120200e+002  2.8410000e-019  2.9200000e-019  2.9340479e-019  2.9980000e-019  3.1150000e-019  3.2910000e-019
  3.0125100e+002  2.8280000e-019  2.8940000e-019  2.9085610e-019  2.9590000e-019  3.1130000e-019  3.2780000e-019
  3.0130100e+002  2.8080000e-019  2.8720000e-019  2.8968530e-019  2.9550000e-019  3.0970000e-019  3.2500000e-019
  3.0135100e+002  2.7870000e-019  2.8530000e-019  2.8727835e-019  2.9300000e-019  3.0660000e-019  3.2260000e-019
  3.0140100e+002  2.7600000e-019  2.8310000e-019  2.8525547e-019  2.9160000e-019  3.0400000e-019  3.2030000e-019
  3.0145100e+002  2.7430000e-019  2.8090000e-019  2.8258993e-019  2.8800000e-019  3.0200000e-019  3.1810000e-019
  3.0150100e+002  2.7320000e-019  2.8070000e-019  2.8189277e-019  2.8720000e-019  3.0090000e-019  3.1710000e-019
  3.0155100e+002  2.7230000e-019  2.7940000e-019  2.8117339e-019  2.8680000e-019  2.9950000e-019  3.1470000e-019
  3.0160100e+002  2.7200000e-019  2.7740000e-019  2.8008636e-019  2.8560000e-019  2.9930000e-019  3.1360000e-019
  3.0165100e+002  2.7140000e-019  2.7760000e-019  2.7928430e-019  2.8460000e-019  2.9710000e-019  3.1230000e-019
  3.0170100e+002  2.7080000e-019  2.7730000e-019  2.7863998e-019  2.8390000e-019  2.9550000e-019  3.1070000e-019
  3.0175100e+002  2.6980000e-019  2.7660000e-019  2.7844278e-019  2.8430000e-019  2.9520000e-019  3.1010000e-019
  3.0180100e+002  2.7020000e-019  2.7650000e-019  2.7758718e-019  2.8370000e-019  2.9240000e-019  3.0970000e-019
  3.0185100e+002  2.6960000e-019  2.7510000e-019  2.7619815e-019  2.8110000e-019  2.9290000e-019  3.0880000e-019
  3.0190100e+002  2.6830000e-019  2.7290000e-019  2.7554559e-019  2.8140000e-019  2.9200000e-019  3.0640000e-019
  3.0195100e+002  2.6690000e-019  2.7220000e-019  2.7440596e-019  2.8000000e-019  2.9020000e-019  3.0410000e-019
  3.0200100e+002  2.6540000e-019  2.7130000e-019  2.7265713e-019  2.7800000e-019  2.8950000e-019  3.0550000e-019
  3.0205100e+002  2.6390000e-019  2.6910000e-019  2.7127565e-019  2.7650000e-019  2.8790000e-019  3.0150000e-019
  3.0210100e+002  2.6180000e-019  2.6810000e-019  2.6989685e-019  2.7580000e-019  2.8590000e-019  3.0110000e-019
  3.0215100e+002  2.6030000e-019  2.6490000e-019  2.6675380e-019  2.7210000e-019  2.8290000e-019  2.9820000e-019
  3.0220100e+002  2.5790000e-019  2.6410000e-019  2.6585526e-019  2.7050000e-019  2.8330000e-019  2.9610000e-019
  3.0225100e+002  2.5700000e-019  2.6270000e-019  2.6456369e-019  2.7000000e-019  2.8120000e-019  2.9590000e-019
  3.0230100e+002  2.5440000e-019  2.6100000e-019  2.6282670e-019  2.6810000e-019  2.7960000e-019  2.9310000e-019
  3.0235100e+002  2.5250000e-019  2.5830000e-019  2.5956996e-019  2.6470000e-019  2.7570000e-019  2.9100000e-019
  3.0240100e+002  2.4960000e-019  2.5470000e-019  2.5729875e-019  2.6290000e-019  2.7390000e-019  2.8730000e-019
  3.0245100e+002  2.4740000e-019  2.5170000e-019  2.5430722e-019  2.5930000e-019  2.7200000e-019  2.8520000e-019
  3.0250100e+002  2.4440000e-019  2.5070000e-019  2.5146472e-019  2.5490000e-019  2.7020000e-019  2.8350000e-019
  3.0255100e+002  2.4280000e-019  2.4770000e-019  2.5011896e-019  2.5610000e-019  2.6690000e-019  2.8230000e-019
  3.0260100e+002  2.3980000e-019  2.4540000e-019  2.4726330e-019  2.5300000e-019  2.6380000e-019  2.7940000e-019
  3.0265100e+002  2.3620000e-019  2.4350000e-019  2.4477856e-019  2.5040000e-019  2.6090000e-019  2.7600000e-019
  3.0270100e+002  2.3460000e-019  2.3750000e-019  2.4062069e-019  2.4630000e-019  2.5880000e-019  2.7410000e-019
  3.0275100e+002  2.3240000e-019  2.3820000e-019  2.3949088e-019  2.4480000e-019  2.5630000e-019  2.7250000e-019
  3.0280100e+002  2.3000000e-019  2.3570000e-019  2.3793974e-019  2.4390000e-019  2.5460000e-019  2.6960000e-019
  3.0285100e+002  2.2650000e-019  2.3260000e-019  2.3593205e-019  2.4340000e-019  2.5160000e-019  2.6630000e-019
  3.0290100e+002  2.2420000e-019  2.2990000e-019  2.3225191e-019  2.3840000e-019  2.4880000e-019  2.6390000e-019
  3.0295100e+002  2.2170000e-019  2.2740000e-019  2.2955048e-019  2.3490000e-019  2.4660000e-019  2.6040000e-019
  3.0300100e+002  2.2020000e-019  2.2620000e-019  2.2724381e-019  2.3180000e-019  2.4490000e-019  2.6010000e-019
  3.0305100e+002  2.1870000e-019  2.2430000e-019  2.2585272e-019  2.3070000e-019  2.4320000e-019  2.5780000e-019
  3.0310100e+002  2.1710000e-019  2.2290000e-019  2.2444839e-019  2.2850000e-019  2.4370000e-019  2.5710000e-019
  3.0315100e+002  2.1560000e-019  2.2120000e-019  2.2227764e-019  2.2720000e-019  2.3880000e-019  2.5460000e-019
  3.0320100e+002  2.1450000e-019  2.2010000e-019  2.1980174e-019  2.2370000e-019  2.3540000e-019  2.5210000e-019
  3.0325100e+002  2.1350000e-019  2.1900000e-019  2.1996043e-019  2.2400000e-019  2.3640000e-019  2.5010000e-019
  3.0330100e+002  2.1310000e-019  2.1840000e-019  2.2023141e-019  2.2690000e-019  2.3380000e-019  2.5050000e-019
  3.0335100e+002  2.1180000e-019  2.1730000e-019  2.1675011e-019  2.1880000e-019  2.3500000e-019  2.4910000e-019
  3.0340100e+002  2.1120000e-019  2.1580000e-019  2.1683096e-019  2.2080000e-019  2.3310000e-019  2.4720000e-019
  3.0345100e+002  2.1000000e-019  2.1510000e-019  2.1549488e-019  2.1920000e-019  2.3120000e-019  2.4570000e-019
  3.0350100e+002  2.0890000e-019  2.1400000e-019  2.1505710e-019  2.1970000e-019  2.3010000e-019  2.4470000e-019
  3.0355100e+002  2.0700000e-019  2.1280000e-019  2.1357510e-019  2.1760000e-019  2.3010000e-019  2.4410000e-019
  3.0360100e+002  2.0750000e-019  2.1210000e-019  2.1331070e-019  2.1720000e-019  2.2840000e-019  2.4090000e-019
  3.0365100e+002  2.0670000e-019  2.1150000e-019  2.1140007e-019  2.1480000e-019  2.2540000e-019  2.3980000e-019
  3.0370100e+002  2.0600000e-019  2.1060000e-019  2.1124451e-019  2.1520000e-019  2.2660000e-019  2.4130000e-019
  3.0375100e+002  2.0590000e-019  2.1040000e-019  2.1125942e-019  2.1560000e-019  2.2570000e-019  2.4030000e-019
  3.0380100e+002  2.0580000e-019  2.1100000e-019  2.1237507e-019  2.1700000e-019  2.2650000e-019  2.3930000e-019
  3.0385100e+002  2.0650000e-019  2.1160000e-019  2.1210726e-019  2.1570000e-019  2.2570000e-019  2.3810000e-019
  3.0390100e+002  2.0620000e-019  2.1150000e-019  2.1177397e-019  2.1490000e-019  2.2640000e-019  2.3870000e-019
  3.0395100e+002  2.0690000e-019  2.1110000e-019  2.1135068e-019  2.1480000e-019  2.2440000e-019  2.3780000e-019
  3.0400100e+002  2.0480000e-019  2.0990000e-019  2.1029147e-019  2.1460000e-019  2.2310000e-019  2.3740000e-019
  3.0405100e+002  2.0380000e-019  2.0820000e-019  2.0941265e-019  2.1350000e-019  2.2350000e-019  2.3610000e-019
  3.0410100e+002  2.0270000e-019  2.0650000e-019  2.0705892e-019  2.1070000e-019  2.2030000e-019  2.3380000e-019
  3.0415100e+002  1.9910000e-019  2.0400000e-019  2.0455855e-019  2.0880000e-019  2.1770000e-019  2.3170000e-019
  3.0420100e+002  1.9740000e-019  2.0180000e-019  2.0294092e-019  2.0700000e-019  2.1740000e-019  2.3040000e-019
  3.0425100e+002  1.9570000e-019  2.0040000e-019  2.0156427e-019  2.0580000e-019  2.1600000e-019  2.2910000e-019
  3.0430100e+002  1.9410000e-019  1.9890000e-019  1.9968224e-019  2.0390000e-019  2.1370000e-019  2.2760000e-019
  3.0435100e+002  1.9250000e-019  1.9760000e-019  1.9847869e-019  2.0260000e-019  2.1280000e-019  2.2600000e-019
  3.0440100e+002  1.9150000e-019  1.9600000e-019  1.9677491e-019  2.0050000e-019  2.1120000e-019  2.2430000e-019
  3.0445100e+002  1.9030000e-019  1.9470000e-019  1.9585720e-019  1.9960000e-019  2.1130000e-019  2.2400000e-019
  3.0450100e+002  1.8830000e-019  1.9300000e-019  1.9370361e-019  1.9780000e-019  2.0860000e-019  2.2310000e-019
  3.0455100e+002  1.8700000e-019  1.9090000e-019  1.9278752e-019  1.9760000e-019  2.0640000e-019  2.1910000e-019
  3.0460100e+002  1.8400000e-019  1.8890000e-019  1.8870000e-019  1.9230000e-019  2.0140000e-019  2.1740000e-019
  3.0465100e+002  1.8070000e-019  1.8500000e-019  1.8580000e-019  1.9170000e-019  2.0160000e-019  2.1400000e-019
  3.0470100e+002  1.7910000e-019  1.8260000e-019  1.8370000e-019  1.8810000e-019  1.9920000e-019  2.1160000e-019
  3.0475100e+002  1.7740000e-019  1.8140000e-019  1.8290000e-019  1.8670000e-019  1.9880000e-019  2.0970000e-019
  3.0480100e+002  1.7370000e-019  1.7910000e-019  1.8130000e-019  1.8720000e-019  1.9630000e-019  2.0810000e-019
  3.0485100e+002  1.7160000e-019  1.7710000e-019  1.7840000e-019  1.8310000e-019  1.9410000e-019  2.0570000e-019
  3.0490100e+002  1.6940000e-019  1.7500000e-019  1.7560000e-019  1.7890000e-019  1.9250000e-019  2.0330000e-019
  3.0495100e+002  1.6820000e-019  1.7220000e-019  1.7400000e-019  1.8360000e-019  1.8850000e-019  2.0200000e-019
  3.0500100e+002  1.6570000e-019  1.7130000e-019  1.7280000e-019  1.7690000e-019  1.8730000e-019  2.0110000e-019
  3.0505100e+002  1.6510000e-019  1.6960000e-019  1.7120000e-019  1.7460000e-019  1.8510000e-019  1.9770000e-019
  3.0510100e+002  1.6300000e-019  1.6760000e-019  1.6900000e-019  1.7310000e-019  1.8330000e-019  1.9600000e-019
  3.0515100e+002  1.6140000e-019  1.6510000e-019  1.6700000e-019  1.7100000e-019  1.8060000e-019  1.9450000e-019
  3.0520100e+002  1.5950000e-019  1.6430000e-019  1.6470000e-019  1.7010000e-019  1.8030000e-019  1.9210000e-019
  3.0525100e+002  1.5910000e-019  1.6360000e-019  1.6490000e-019  1.6900000e-019  1.7940000e-019  1.9100000e-019
  3.0530100e+002  1.5880000e-019  1.6180000e-019  1.6340000e-019  1.6790000e-019  1.7810000e-019  1.8950000e-019
  3.0535100e+002  1.5650000e-019  1.6050000e-019  1.6240000e-019  1.6750000e-019  1.7670000e-019  1.9000000e-019
  3.0540100e+002  1.5640000e-019  1.6010000e-019  1.6050000e-019  1.6500000e-019  1.7560000e-019  1.8720000e-019
  3.0545100e+002  1.5760000e-019  1.6030000e-019  1.6120000e-019  1.6450000e-019  1.7550000e-019  1.8610000e-019
  3.0550100e+002  1.5490000e-019  1.5940000e-019  1.6220000e-019  1.6480000e-019  1.7500000e-019  1.8570000e-019
  3.0555100e+002  1.5570000e-019  1.5960000e-019  1.6180000e-019  1.6380000e-019  1.7490000e-019  1.8530000e-019
  3.0560100e+002  1.5530000e-019  1.6020000e-019  1.6040000e-019  1.6410000e-019  1.7440000e-019  1.8470000e-019
  3.0565100e+002  1.5660000e-019  1.6020000e-019  1.6130000e-019  1.6490000e-019  1.7400000e-019  1.8440000e-019
  3.0570100e+002  1.5530000e-019  1.5950000e-019  1.5990000e-019  1.6350000e-019  1.7320000e-019  1.8360000e-019
  3.0575100e+002  1.5500000e-019  1.5860000e-019  1.6060000e-019  1.6340000e-019  1.7260000e-019  1.8420000e-019
  3.0580100e+002  1.5420000e-019  1.5810000e-019  1.5740000e-019  1.6190000e-019  1.7180000e-019  1.8320000e-019
  3.0585100e+002  1.5340000e-019  1.5690000e-019  1.5760000e-019  1.6080000e-019  1.7080000e-019  1.8140000e-019
  3.0590100e+002  1.5160000e-019  1.5570000e-019  1.5720000e-019  1.6130000e-019  1.6920000e-019  1.8040000e-019
  3.0595100e+002  1.5130000e-019  1.5480000e-019  1.5580000e-019  1.5940000e-019  1.6850000e-019  1.7890000e-019
  3.0600100e+002  1.5110000e-019  1.5410000e-019  1.5530000e-019  1.5910000e-019  1.6810000e-019  1.7870000e-019
  3.0605100e+002  1.5180000e-019  1.5430000e-019  1.5560000e-019  1.5890000e-019  1.6780000e-019  1.7840000e-019
  3.0610100e+002  1.5180000e-019  1.5450000e-019  1.5600000e-019  1.5880000e-019  1.6830000e-019  1.7780000e-019
  3.0615100e+002  1.5200000e-019  1.5550000e-019  1.5750000e-019  1.5920000e-019  1.6810000e-019  1.7870000e-019
  3.0620100e+002  1.5320000e-019  1.5490000e-019  1.5640000e-019  1.5860000e-019  1.6750000e-019  1.7710000e-019
  3.0625100e+002  1.5070000e-019  1.5490000e-019  1.5540000e-019  1.5840000e-019  1.6730000e-019  1.7750000e-019
  3.0630100e+002  1.5110000e-019  1.5490000e-019  1.5580000e-019  1.5810000e-019  1.6620000e-019  1.7640000e-019
  3.0635100e+002  1.4910000e-019  1.5310000e-019  1.5330000e-019  1.5710000e-019  1.6460000e-019  1.7500000e-019
  3.0640100e+002  1.4700000e-019  1.5070000e-019  1.5200000e-019  1.5650000e-019  1.6230000e-019  1.7230000e-019
  3.0645100e+002  1.4560000e-019  1.4890000e-019  1.4930000e-019  1.5320000e-019  1.6100000e-019  1.7160000e-019
  3.0650100e+002  1.4360000e-019  1.4750000e-019  1.4820000e-019  1.5260000e-019  1.6000000e-019  1.7020000e-019
  3.0655100e+002  1.4300000e-019  1.4590000e-019  1.4600000e-019  1.5080000e-019  1.5820000e-019  1.6940000e-019
  3.0660100e+002  1.4090000e-019  1.4420000e-019  1.4490000e-019  1.4830000e-019  1.5700000e-019  1.6690000e-019
  3.0665100e+002  1.4000000e-019  1.4320000e-019  1.4450000e-019  1.4740000e-019  1.5580000e-019  1.6510000e-019
  3.0670100e+002  1.3900000e-019  1.4210000e-019  1.4260000e-019  1.4630000e-019  1.5440000e-019  1.6460000e-019
  3.0675100e+002  1.3800000e-019  1.4130000e-019  1.4170000e-019  1.4590000e-019  1.5350000e-019  1.6370000e-019
  3.0680000e+002  1.3640000e-019  1.4040000e-019  1.4150000e-019  1.4460000e-019  1.5260000e-019  1.6240000e-019
  3.0685000e+002  1.3480000e-019  1.3880000e-019  1.3710000e-019  1.4330000e-019  1.5070000e-019  1.6120000e-019
  3.0690000e+002  1.3180000e-019  1.3580000e-019  1.3660000e-019  1.3990000e-019  1.4800000e-019  1.5850000e-019
  3.0695000e+002  1.2970000e-019  1.3420000e-019  1.3450000e-019  1.3770000e-019  1.4690000e-019  1.5800000e-019
  3.0700000e+002  1.2870000e-019  1.3220000e-019  1.3230000e-019  1.3730000e-019  1.4490000e-019  1.5600000e-019
  3.0705000e+002  1.2590000e-019  1.3010000e-019  1.3100000e-019  1.3450000e-019  1.4300000e-019  1.5530000e-019
  3.0710000e+002  1.2350000e-019  1.2840000e-019  1.2910000e-019  1.3360000e-019  1.4110000e-019  1.5150000e-019
  3.0715000e+002  1.2220000e-019  1.2550000e-019  1.2780000e-019  1.3040000e-019  1.3920000e-019  1.4960000e-019
  3.0720000e+002  1.2110000e-019  1.2500000e-019  1.2690000e-019  1.2950000e-019  1.3790000e-019  1.4900000e-019
  3.0725000e+002  1.1920000e-019  1.2400000e-019  1.2440000e-019  1.2910000e-019  1.3710000e-019  1.4740000e-019
  3.0730000e+002  1.1910000e-019  1.2260000e-019  1.2410000e-019  1.2760000e-019  1.3580000e-019  1.4650000e-019
  3.0735000e+002  1.1730000e-019  1.2180000e-019  1.2280000e-019  1.2610000e-019  1.3490000e-019  1.4470000e-019
  3.0740000e+002  1.1550000e-019  1.1960000e-019  1.2160000e-019  1.2420000e-019  1.3260000e-019  1.4310000e-019
  3.0745000e+002  1.1580000e-019  1.1870000e-019  1.1990000e-019  1.2300000e-019  1.3220000e-019  1.4130000e-019
  3.0750000e+002  1.1480000e-019  1.1840000e-019  1.1860000e-019  1.2250000e-019  1.3200000e-019  1.4170000e-019
  3.0755000e+002  1.1310000e-019  1.1810000e-019  1.1910000e-019  1.2260000e-019  1.3040000e-019  1.4020000e-019
  3.0760000e+002  1.1250000e-019  1.1660000e-019  1.1820000e-019  1.2140000e-019  1.2970000e-019  1.3890000e-019
  3.0765000e+002  1.1320000e-019  1.1600000e-019  1.1670000e-019  1.2060000e-019  1.2950000e-019  1.3850000e-019
  3.0770000e+002  1.1350000e-019  1.1670000e-019  1.1640000e-019  1.2070000e-019  1.2940000e-019  1.3830000e-019
  3.0775000e+002  1.1360000e-019  1.1650000e-019  1.1840000e-019  1.2140000e-019  1.2940000e-019  1.3880000e-019
  3.0780000e+002  1.1470000e-019  1.1720000e-019  1.1730000e-019  1.2120000e-019  1.2960000e-019  1.3800000e-019
  3.0785000e+002  1.1460000e-019  1.1720000e-019  1.1900000e-019  1.2140000e-019  1.2920000e-019  1.3780000e-019
  3.0790000e+002  1.1480000e-019  1.1740000e-019  1.1980000e-019  1.2130000e-019  1.2850000e-019  1.3790000e-019
  3.0795000e+002  1.1490000e-019  1.1780000e-019  1.1980000e-019  1.2080000e-019  1.2800000e-019  1.3660000e-019
  3.0800000e+002  1.1510000e-019  1.1740000e-019  1.1950000e-019  1.2020000e-019  1.2800000e-019  1.3760000e-019
  3.0805000e+002  1.1510000e-019  1.1780000e-019  1.1870000e-019  1.1980000e-019  1.2840000e-019  1.3570000e-019
  3.0810000e+002  1.1530000e-019  1.1730000e-019  1.1590000e-019  1.1900000e-019  1.2720000e-019  1.3480000e-019
  3.0815000e+002  1.1460000e-019  1.1680000e-019  1.1730000e-019  1.2020000e-019  1.2700000e-019  1.3500000e-019
  3.0820000e+002  1.1360000e-019  1.1600000e-019  1.1630000e-019  1.1950000e-019  1.2530000e-019  1.3490000e-019
  3.0825000e+002  1.1260000e-019  1.1470000e-019  1.1500000e-019  1.1660000e-019  1.2400000e-019  1.3330000e-019
  3.0830000e+002  1.1040000e-019  1.1300000e-019  1.1300000e-019  1.1630000e-019  1.2310000e-019  1.3160000e-019
  3.0835000e+002  1.0790000e-019  1.1150000e-019  1.1150000e-019  1.1380000e-019  1.2210000e-019  1.3130000e-019
  3.0840000e+002  1.0640000e-019  1.1010000e-019  1.0880000e-019  1.1300000e-019  1.2050000e-019  1.2880000e-019
  3.0845000e+002  1.0610000e-019  1.0910000e-019  1.0790000e-019  1.1220000e-019  1.2020000e-019  1.2820000e-019
  3.0850000e+002  1.0610000e-019  1.0920000e-019  1.1040000e-019  1.1230000e-019  1.2040000e-019  1.2840000e-019
  3.0855000e+002  1.0820000e-019  1.0980000e-019  1.1210000e-019  1.1280000e-019  1.2140000e-019  1.2860000e-019
  3.0860000e+002  1.0830000e-019  1.1120000e-019  1.1070000e-019  1.1370000e-019  1.2080000e-019  1.2860000e-019
  3.0865000e+002  1.0710000e-019  1.1090000e-019  1.1120000e-019  1.1290000e-019  1.2040000e-019  1.2750000e-019
  3.0870000e+002  1.0790000e-019  1.1000000e-019  1.1060000e-019  1.1210000e-019  1.2030000e-019  1.2800000e-019
  3.0875000e+002  1.0690000e-019  1.1010000e-019  1.0940000e-019  1.1310000e-019  1.1980000e-019  1.2710000e-019
  3.0880000e+002  1.0550000e-019  1.0930000e-019  1.1000000e-019  1.1170000e-019  1.1950000e-019  1.2690000e-019
  3.0885000e+002  1.0550000e-019  1.0860000e-019  1.0840000e-019  1.1120000e-019  1.1790000e-019  1.2600000e-019
  3.0890000e+002  1.0370000e-019  1.0670000e-019  1.0780000e-019  1.1000000e-019  1.1740000e-019  1.2490000e-019
  3.0895000e+002  1.0400000e-019  1.0650000e-019  1.0760000e-019  1.1040000e-019  1.1710000e-019  1.2520000e-019
  3.0900000e+002  1.0470000e-019  1.0680000e-019  1.0590000e-019  1.0870000e-019  1.1660000e-019  1.2520000e-019
  3.0905000e+002  1.0290000e-019  1.0580000e-019  1.0620000e-019  1.0910000e-019  1.1550000e-019  1.2350000e-019
  3.0910000e+002  1.0140000e-019  1.0380000e-019  1.0430000e-019  1.0690000e-019  1.1360000e-019  1.2220000e-019
  3.0915000e+002  9.9400000e-020  1.0220000e-019  1.0270000e-019  1.0480000e-019  1.1200000e-019  1.1990000e-019
  3.0920000e+002  9.9600000e-020  1.0110000e-019  1.0130000e-019  1.0500000e-019  1.1080000e-019  1.1850000e-019
  3.0925000e+002  9.7400000e-020  1.0070000e-019  1.0170000e-019  1.0310000e-019  1.1020000e-019  1.1800000e-019
  3.0930000e+002  9.6400000e-020  9.9300000e-020  9.9200000e-020  1.0190000e-019  1.0820000e-019  1.1710000e-019
  3.0935000e+002  9.3600000e-020  9.6900000e-020  9.5600000e-020  9.9000000e-020  1.0510000e-019  1.1470000e-019
  3.0940000e+002  8.9500000e-020  9.3000000e-020  9.1700000e-020  9.5800000e-020  1.0280000e-019  1.1170000e-019
  3.0945000e+002  8.7900000e-020  9.1100000e-020  9.1400000e-020  9.4300000e-020  1.0100000e-019  1.1050000e-019
  3.0950000e+002  8.7500000e-020  9.0000000e-020  9.0200000e-020  9.3000000e-020  1.0000000e-020  1.0900000e-019
  3.0955000e+002  8.6200000e-020  8.8700000e-020  8.8700000e-020  9.1600000e-020  9.9300000e-020  1.0700000e-019
  3.0960000e+002  8.4000000e-020  8.7300000e-020  8.8200000e-020  9.0600000e-020  9.8300000e-020  1.0520000e-019
  3.0965000e+002  8.3500000e-020  8.6600000e-020  8.5700000e-020  8.9000000e-020  9.7300000e-020  1.0510000e-019
  3.0970000e+002  8.3300000e-020  8.5800000e-020  8.6500000e-020  8.9100000e-020  9.6800000e-020  1.0470000e-019
  3.0975000e+002  8.4200000e-020  8.6100000e-020  8.7300000e-020  8.9200000e-020  9.6700000e-020  1.0440000e-019
  3.0980000e+002  8.3000000e-020  8.5700000e-020  8.7300000e-020  8.8800000e-020  9.6400000e-020  1.0320000e-019
  3.0985000e+002  8.2700000e-020  8.5700000e-020  8.6000000e-020  8.7300000e-020  9.5600000e-020  1.0260000e-019
  3.0990000e+002  8.3200000e-020  8.5100000e-020  8.4800000e-020  8.8400000e-020  9.5400000e-020  1.0270000e-019
  3.0995000e+002  8.2900000e-020  8.4900000e-020  8.5800000e-020  8.8100000e-020  9.5200000e-020  1.0190000e-019
  3.1000000e+002  8.1500000e-020  8.4800000e-020  8.6900000e-020  8.8200000e-020  9.4700000e-020  1.0200000e-019
  3.1005000e+002  8.2500000e-020  8.4700000e-020  8.6100000e-020  8.8400000e-020  9.5100000e-020  1.0140000e-019
  3.1010000e+002  8.2600000e-020  8.5100000e-020  8.5900000e-020  8.7200000e-020  9.5600000e-020  1.0210000e-019
  3.1015000e+002  8.3400000e-020  8.5900000e-020  8.7300000e-020  8.8800000e-020  9.5800000e-020  1.0210000e-019
  3.1020000e+002  8.3300000e-020  8.6800000e-020  8.7100000e-020  8.8800000e-020  9.5700000e-020  1.0200000e-019
  3.1025000e+002  8.4500000e-020  8.7000000e-020  8.6900000e-020  8.9200000e-020  9.5200000e-020  1.0150000e-019
  3.1030000e+002  8.3200000e-020  8.6400000e-020  8.6700000e-020  8.9300000e-020  9.4300000e-020  1.0100000e-019
  3.1035000e+002  8.3800000e-020  8.5200000e-020  8.4500000e-020  8.7200000e-020  9.3100000e-020  9.9800000e-020
  3.1040000e+002  8.2000000e-020  8.3500000e-020  8.4100000e-020  8.7100000e-020  9.1400000e-020  9.8600000e-020
  3.1045000e+002  8.0000000e-020  8.1900000e-020  8.2400000e-020  8.4200000e-020  9.0100000e-020  9.7000000e-020
  3.1050000e+002  8.0300000e-020  8.1500000e-020  8.2700000e-020  8.4200000e-020  8.9400000e-020  9.5700000e-020
  3.1055000e+002  7.9400000e-020  8.0100000e-020  8.1600000e-020  8.3300000e-020  8.9500000e-020  9.5500000e-020
  3.1060000e+002  7.8600000e-020  8.0300000e-020  8.1700000e-020  8.3200000e-020  8.9000000e-020  9.5400000e-020
  3.1065000e+002  7.8300000e-020  8.0100000e-020  8.0400000e-020  8.2500000e-020  8.8800000e-020  9.5700000e-020
  3.1070000e+002  7.8200000e-020  8.0500000e-020  8.0900000e-020  8.1900000e-020  8.8300000e-020  9.5600000e-020
  3.1075000e+002  7.7900000e-020  8.0000000e-020  8.0000000e-020  8.2500000e-020  8.8000000e-020  9.4200000e-020
  3.1080000e+002  7.7500000e-020  7.8500000e-020  7.9200000e-020  8.1700000e-020  8.7500000e-020  9.3800000e-020
  3.1085000e+002  7.5500000e-020  7.8200000e-020  7.8700000e-020  8.0700000e-020  8.6800000e-020  9.3100000e-020
  3.1090000e+002  7.6400000e-020  7.8000000e-020  7.8000000e-020  8.0200000e-020  8.6500000e-020  9.2600000e-020
  3.1095000e+002  7.4800000e-020  7.7500000e-020  7.9300000e-020  7.9500000e-020  8.6200000e-020  9.1900000e-020
  3.1100000e+002  7.4300000e-020  7.6900000e-020  7.8000000e-020  7.9700000e-020  8.5600000e-020  9.1700000e-020
  3.1105000e+002  7.5100000e-020  7.7100000e-020  7.8200000e-020  7.9200000e-020  8.5400000e-020  9.1600000e-020
  3.1110000e+002  7.4300000e-020  7.6400000e-020  7.7500000e-020  7.8100000e-020  8.6100000e-020  9.1300000e-020
  3.1115000e+002  7.4400000e-020  7.6800000e-020  7.8300000e-020  8.0300000e-020  8.5700000e-020  9.1300000e-020
  3.1120000e+002  7.5100000e-020  7.7600000e-020  7.8000000e-020  7.9800000e-020  8.5800000e-020  9.1000000e-020
  3.1125000e+002  7.6100000e-020  7.7800000e-020  7.7300000e-020  8.0400000e-020  8.6100000e-020  9.1600000e-020
  3.1130000e+002  7.5600000e-020  7.8100000e-020  7.9200000e-020  7.9500000e-020  8.6300000e-020  9.1300000e-020
  3.1135000e+002  7.6700000e-020  7.8500000e-020  7.8800000e-020  8.0600000e-020  8.5700000e-020  9.1700000e-020
  3.1140000e+002  7.7000000e-020  7.8200000e-020  7.8800000e-020  8.0100000e-020  8.4900000e-020  9.0400000e-020
  3.1145000e+002  7.5600000e-020  7.7400000e-020  7.6800000e-020  7.9800000e-020  8.4000000e-020  8.9100000e-020
  3.1150000e+002  7.5300000e-020  7.6000000e-020  7.6300000e-020  7.8600000e-020  8.3500000e-020  8.8700000e-020
  3.1155000e+002  7.3900000e-020  7.5000000e-020  7.5500000e-020  7.7600000e-020  8.1900000e-020  8.7700000e-020
  3.1160000e+002  7.2300000e-020  7.3900000e-020  7.4500000e-020  7.5500000e-020  8.0800000e-020  8.5900000e-020
  3.1165000e+002  7.0700000e-020  7.1900000e-020  7.2000000e-020  7.4500000e-020  7.8900000e-020  8.5800000e-020
  3.1170000e+002  7.0200000e-020  7.0600000e-020  7.1400000e-020  7.3000000e-020  7.7700000e-020  8.3800000e-020
  3.1175000e+002  6.8300000e-020  6.9600000e-020  7.0200000e-020  7.2400000e-020  7.6600000e-020  8.3600000e-020
  3.1180000e+002  6.6500000e-020  6.8700000e-020  6.8800000e-020  7.1400000e-020  7.6600000e-020  8.2400000e-020
  3.1185000e+002  6.5300000e-020  6.7300000e-020  6.7500000e-020  7.0500000e-020  7.5300000e-020  8.1500000e-020
  3.1190000e+002  6.4600000e-020  6.6200000e-020  6.6700000e-020  6.8300000e-020  7.4100000e-020  8.0500000e-020
  3.1195000e+002  6.4200000e-020  6.5700000e-020  6.7100000e-020  6.7800000e-020  7.3500000e-020  7.9500000e-020
  3.1200000e+002  6.2500000e-020  6.5300000e-020  6.6100000e-020  6.7400000e-020  7.2000000e-020  7.8800000e-020
  3.1205000e+002  6.2200000e-020  6.4600000e-020  6.3700000e-020  6.7000000e-020  7.2300000e-020  7.8400000e-020
  3.1210000e+002  6.2600000e-020  6.3400000e-020  6.4400000e-020  6.6200000e-020  7.2000000e-020  7.7700000e-020
  3.1215000e+002  6.1400000e-020  6.3300000e-020  6.3400000e-020  6.7000000e-020  7.0900000e-020  7.6500000e-020
  3.1220000e+002  6.2000000e-020  6.2900000e-020  6.3500000e-020  6.5600000e-020  7.0600000e-020  7.6200000e-020
  3.1225000e+002  6.1400000e-020  6.2600000e-020  6.2700000e-020  6.5100000e-020  7.0100000e-020  7.5600000e-020
  3.1230000e+002  6.0500000e-020  6.1900000e-020  6.3500000e-020  6.4000000e-020  6.9300000e-020  7.5200000e-020
  3.1235000e+002  5.9400000e-020  6.1700000e-020  6.1400000e-020  6.3000000e-020  6.8700000e-020  7.4400000e-020
  3.1240000e+002  5.8300000e-020  6.0600000e-020  6.0000000e-020  6.2600000e-020  6.7600000e-020  7.3500000e-020
  3.1245000e+002  5.7600000e-020  5.9200000e-020  5.8700000e-020  6.1500000e-020  6.6900000e-020  7.2800000e-020
  3.1250000e+002  5.7500000e-020  5.8700000e-020  5.8200000e-020  6.0900000e-020  6.6400000e-020  7.2000000e-020
  3.1250000e+002  5.6300000e-020  5.8600000e-020  5.8700000e-020  6.0700000e-020  6.6000000e-020  7.1200000e-020
  3.1260000e+002  5.5900000e-020  5.7900000e-020  5.8200000e-020  6.0400000e-020  6.5900000e-020  7.1400000e-020
  3.1265000e+002  5.5300000e-020  5.7600000e-020  5.8300000e-020  5.9300000e-020  6.5300000e-020  7.0400000e-020
  3.1270000e+002  5.5300000e-020  5.7000000e-020  5.7300000e-020  5.9800000e-020  6.4200000e-020  7.0300000e-020
  3.1275000e+002  5.5300000e-020  5.6800000e-020  5.7300000e-020  5.9200000e-020  6.4100000e-020  6.9400000e-020
  3.1280000e+002  5.4000000e-020  5.6400000e-020  5.6500000e-020  5.8800000e-020  6.3700000e-020  6.9500000e-020
  3.1285000e+002  5.5200000e-020  5.6600000e-020  5.7200000e-020  5.9700000e-020  6.4100000e-020  6.9200000e-020
  3.1290000e+002  5.4400000e-020  5.6300000e-020  5.6900000e-020  5.8600000e-020  6.3700000e-020  6.8700000e-020
  3.1295000e+002  5.4100000e-020  5.6500000e-020  5.5600000e-020  5.8100000e-020  6.3200000e-020  6.8500000e-020
  3.1300000e+002  5.2800000e-020  5.5700000e-020  5.6200000e-020  5.7900000e-020  6.2800000e-020  6.7700000e-020
  3.1305000e+002  5.4100000e-020  5.5700000e-020  5.6100000e-020  5.7800000e-020  6.2700000e-020  6.8200000e-020
  3.1310000e+002  5.4700000e-020  5.5800000e-020  5.6100000e-020  5.7500000e-020  6.2200000e-020  6.7700000e-020
  3.1315000e+002  5.4000000e-020  5.5400000e-020  5.5900000e-020  5.7800000e-020  6.2400000e-020  6.6900000e-020
  3.1320000e+002  5.3900000e-020  5.5900000e-020  5.7200000e-020  5.8400000e-020  6.3300000e-020  6.8300000e-020
  3.1325000e+002  5.4600000e-020  5.6200000e-020  5.5300000e-020  5.9900000e-020  6.4100000e-020  6.8000000e-020
  3.1330000e+002  5.5800000e-020  5.8000000e-020  5.9400000e-020  5.9300000e-020  6.4900000e-020  6.8400000e-020
  3.1335000e+002  5.6900000e-020  5.9400000e-020  5.9700000e-020  6.1200000e-020  6.5400000e-020  6.9000000e-020
  3.1340000e+002  5.8700000e-020  5.9900000e-020  6.1100000e-020  6.0900000e-020  6.5700000e-020  6.9900000e-020
  3.1345000e+002  5.9800000e-020  6.0400000e-020  6.1500000e-020  6.2100000e-020  6.5500000e-020  7.0000000e-020
  3.1350000e+002  6.0100000e-020  6.0100000e-020  5.8600000e-020  6.1900000e-020  6.5400000e-020  6.9500000e-020
  3.1355000e+002  5.8500000e-020  6.0200000e-020  6.0300000e-020  6.2000000e-020  6.4800000e-020  6.9300000e-020
  3.1360000e+002  5.8100000e-020  5.9600000e-020  5.9800000e-020  6.0300000e-020  6.4500000e-020  6.9400000e-020
  3.1365000e+002  5.6700000e-020  5.8800000e-020  5.7000000e-020  5.9700000e-020  6.3400000e-020  6.8500000e-020
  3.1370000e+002  5.6300000e-020  5.7900000e-020  5.8100000e-020  5.9100000e-020  6.2600000e-020  6.6900000e-020
  3.1375000e+002  5.6400000e-020  5.6700000e-020  5.6600000e-020  5.8100000e-020  6.1700000e-020  6.6800000e-020
  3.1380000e+002  5.5500000e-020  5.5700000e-020  5.5000000e-020  5.8000000e-020  6.1100000e-020  6.5400000e-020
  3.1385000e+002  5.3100000e-020  5.4600000e-020  5.2900000e-020  5.6400000e-020  6.0400000e-020  6.5600000e-020
  3.1390000e+002  5.2000000e-020  5.3600000e-020  5.1400000e-020  5.6700000e-020  5.9400000e-020  6.4700000e-020
  3.1395000e+002  5.2000000e-020  5.3200000e-020  5.3000000e-020  5.4700000e-020  5.8500000e-020  6.3500000e-020
  3.1400000e+002  5.0800000e-020  5.2300000e-020  5.0900000e-020  5.3700000e-020  5.7400000e-020  6.3500000e-020
  3.1404900e+002  5.1100000e-020  5.1400000e-020  5.1000000e-020  5.2100000e-020  5.6700000e-020  6.2300000e-020
  3.1409900e+002  4.9400000e-020  5.0200000e-020  5.0800000e-020  5.1600000e-020  5.5800000e-020  6.0900000e-020
  3.1414900e+002  4.7900000e-020  4.9200000e-020  4.7200000e-020  5.0600000e-020  5.4500000e-020  5.9900000e-020
  3.1419900e+002  4.7100000e-020  4.8100000e-020  4.7500000e-020  5.0500000e-020  5.3500000e-020  5.9000000e-020
  3.1424900e+002  4.5400000e-020  4.7400000e-020  4.6600000e-020  4.9300000e-020  5.2700000e-020  5.8300000e-020
  3.1429900e+002  4.3900000e-020  4.5900000e-020  4.5900000e-020  4.8300000e-020  5.2000000e-020  5.7300000e-020
  3.1434900e+002  4.3400000e-020  4.4500000e-020  4.4500000e-020  4.6800000e-020  5.1000000e-020  5.6200000e-020
  3.1439900e+002  4.2400000e-020  4.3300000e-020  4.4500000e-020  4.5200000e-020  4.9900000e-020  5.5600000e-020
  3.1444900e+002  4.0400000e-020  4.2500000e-020  4.2400000e-020  4.4400000e-020  4.9000000e-020  5.4500000e-020
  3.1449900e+002  4.0000000e-020  4.2000000e-020  4.2400000e-020  4.4100000e-020  4.8700000e-020  5.3900000e-020
  3.1454900e+002  3.9500000e-020  4.1200000e-020  4.2100000e-020  4.3900000e-020  4.8200000e-020  5.3400000e-020
  3.1459900e+002  3.8100000e-020  4.0800000e-020  4.1300000e-020  4.3000000e-020  4.7600000e-020  5.3000000e-020
  3.1464900e+002  3.9400000e-020  4.0600000e-020  4.2400000e-020  4.3400000e-020  4.8100000e-020  5.2700000e-020
  3.1469900e+002  3.8700000e-020  4.1200000e-020  4.1900000e-020  4.3700000e-020  4.8000000e-020  5.2000000e-020
  3.1474900e+002  4.0300000e-020  4.1600000e-020  4.1900000e-020  4.3300000e-020  4.7900000e-020  5.2300000e-020
  3.1479900e+002  3.9600000e-020  4.1900000e-020  4.3300000e-020  4.3900000e-020  4.8200000e-020  5.2300000e-020
  3.1484900e+002  4.0400000e-020  4.1700000e-020  4.2000000e-020  4.4000000e-020  4.7700000e-020  5.1700000e-020
  3.1489900e+002  4.0100000e-020  4.1700000e-020  4.1800000e-020  4.2300000e-020  4.7400000e-020  5.1700000e-020
  3.1494900e+002  4.0100000e-020  4.1200000e-020  4.2000000e-020  4.2200000e-020  4.7000000e-020  5.1200000e-020
  3.1499900e+002  4.0500000e-020  4.0900000e-020  4.1100000e-020  4.1600000e-020  4.6900000e-020  5.1000000e-020
  3.1504900e+002  4.0700000e-020  4.0500000e-020  4.0600000e-020  4.1800000e-020  4.6400000e-020  5.0700000e-020
  3.1509900e+002  3.9200000e-020  4.0500000e-020  4.1600000e-020  4.1900000e-020  4.6000000e-020  5.0300000e-020
  3.1514900e+002  3.8800000e-020  4.0400000e-020  4.2100000e-020  4.2500000e-020  4.6200000e-020  5.0600000e-020
  3.1519900e+002  3.9300000e-020  4.0600000e-020  4.1700000e-020  4.2800000e-020  4.6800000e-020  5.1000000e-020
  3.1524900e+002  3.8300000e-020  4.0700000e-020  4.2400000e-020  4.3200000e-020  4.7300000e-020  5.1400000e-020
  3.1529900e+002  4.0000000e-020  4.1400000e-020  4.2500000e-020  4.3800000e-020  4.8000000e-020  5.2000000e-020
  3.1534900e+002  4.0600000e-020  4.3400000e-020  4.5200000e-020  4.5100000e-020  4.9600000e-020  5.3200000e-020
  3.1539900e+002  4.2500000e-020  4.5500000e-020  4.7000000e-020  4.7500000e-020  5.1000000e-020  5.4500000e-020
  3.1549900e+002  4.4300000e-020  4.6500000e-020  4.7900000e-020  4.8600000e-020  5.1600000e-020  5.4900000e-020
  3.1549900e+002  4.5400000e-020  4.7100000e-020  4.7700000e-020  4.8700000e-020  5.1400000e-020  5.4900000e-020
  3.1554900e+002  4.6900000e-020  4.7600000e-020  4.7800000e-020  4.8700000e-020  5.1000000e-020  5.4500000e-020
  3.1559900e+002  4.6500000e-020  4.6800000e-020  4.6400000e-020  4.8100000e-020  5.0400000e-020  5.3700000e-020
  3.1564900e+002  4.4600000e-020  4.6200000e-020  4.5854538e-020  4.6700000e-020  4.8900000e-020  5.2800000e-020
  3.1569900e+002  4.3500000e-020  4.4800000e-020  4.3500000e-020  4.5500000e-020  4.7500000e-020  5.1800000e-020
  3.1574900e+002  4.4400000e-020  4.3900000e-020  4.2100000e-020  4.4800000e-020  4.7100000e-020  5.1100000e-020
  3.1579900e+002  4.2300000e-020  4.3000000e-020  4.1200000e-020  4.3500000e-020  4.6200000e-020  4.9900000e-020
  3.1584900e+002  4.1600000e-020  4.1600000e-020  3.9900000e-020  4.2900000e-020  4.5300000e-020  4.9000000e-020
  3.1589900e+002  3.9800000e-020  3.9700000e-020  3.8500000e-020  4.1000000e-020  4.4000000e-020  4.7700000e-020
  3.1594900e+002  3.8900000e-020  3.9000000e-020  3.7000000e-020  4.0100000e-020  4.2900000e-020  4.7000000e-020
  3.1599900e+002  3.8300000e-020  3.8000000e-020  3.7200000e-020  3.9200000e-020  4.2100000e-020  4.6100000e-020
  3.1604900e+002  3.6700000e-020  3.6900000e-020  3.8000000e-020  3.8800000e-020  4.1900000e-020  4.5600000e-020
  3.1609900e+002  3.5600000e-020  3.6100000e-020  3.6600000e-020  3.8000000e-020  4.1400000e-020  4.5400000e-020
  3.1614900e+002  3.4200000e-020  3.6100000e-020  3.6400000e-020  3.7500000e-020  4.1300000e-020  4.5000000e-020
  3.1619900e+002  3.4400000e-020  3.5600000e-020  3.5900000e-020  3.6700000e-020  4.0700000e-020  4.4600000e-020
  3.1624900e+002  3.4800000e-020  3.5400000e-020  3.5300000e-020  3.6800000e-020  4.0000000e-020  4.4200000e-020
  3.1629900e+002  3.5100000e-020  3.5100000e-020  3.5000000e-020  3.6200000e-020  3.9800000e-020  4.3900000e-020
  3.1634900e+002  3.3800000e-020  3.4200000e-020  3.4200000e-020  3.5800000e-020  3.9400000e-020  4.3600000e-020
  3.1639900e+002  3.2600000e-020  3.3700000e-020  3.3300000e-020  3.5900000e-020  3.8600000e-020  4.2700000e-020
  3.1644900e+002  3.2400000e-020  3.2900000e-020  3.2700000e-020  3.4200000e-020  3.7800000e-020  4.2000000e-020
  3.1649900e+002  3.2400000e-020  3.2400000e-020  3.2300000e-020  3.4300000e-020  3.7400000e-020  4.1500000e-020
  3.1654900e+002  3.1800000e-020  3.1800000e-020  3.2200000e-020  3.3400000e-020  3.6800000e-020  4.1200000e-020
  3.1659900e+002  3.0600000e-020  3.0900000e-020  3.1400000e-020  3.2500000e-020  3.6100000e-020  4.0300000e-020
  3.1664900e+002  2.9900000e-020  3.0300000e-020  3.0400000e-020  3.1500000e-020  3.5800000e-020  3.9700000e-020
  3.1669900e+002  2.9800000e-020  3.0000000e-020  3.0400000e-020  3.1100000e-020  3.5500000e-020  3.9600000e-020
  3.1674900e+002  2.9300000e-020  2.9800000e-020  3.0300000e-020  3.1500000e-020  3.5700000e-020  3.9400000e-020
  3.1679900e+002  2.9300000e-020  3.0100000e-020  3.0800000e-020  3.2000000e-020  3.5800000e-020  3.9600000e-020
  3.1684900e+002  2.7800000e-020  3.0600000e-020  3.1900000e-020  3.2300000e-020  3.6700000e-020  4.0400000e-020
  3.1689900e+002  2.8800000e-020  3.2000000e-020  3.3200000e-020  3.3100000e-020  3.7800000e-020  4.1200000e-020
  3.1694900e+002  3.0300000e-020  3.2900000e-020  3.3500000e-020  3.4300000e-020  3.7900000e-020  4.1500000e-020
  3.1699900e+002  3.0800000e-020  3.3500000e-020  3.3900000e-020  3.5100000e-020  3.8300000e-020  4.1700000e-020
  3.1704900e+002  3.1700000e-020  3.3900000e-020  3.3200000e-020  3.4300000e-020  3.8100000e-020  4.1600000e-020
  3.1709900e+002  3.2800000e-020  3.3700000e-020  3.3900000e-020  3.4500000e-020  3.7500000e-020  4.1200000e-020
  3.1714900e+002  3.2200000e-020  3.3500000e-020  3.3500000e-020  3.3500000e-020  3.7600000e-020  4.0800000e-020
  3.1719900e+002  3.1600000e-020  3.2900000e-020  3.2800000e-020  3.3700000e-020  3.7000000e-020  4.0200000e-020
  3.1724900e+002  3.2100000e-020  3.2400000e-020  3.1600000e-020  3.3400000e-020  3.6300000e-020  3.9900000e-020
  3.1729900e+002  3.2300000e-020  3.2000000e-020  3.1500000e-020  3.3300000e-020  3.5900000e-020  3.9400000e-020
  3.1734900e+002  3.1400000e-020  3.1700000e-020  3.2000000e-020  3.2800000e-020  3.5800000e-020  3.9300000e-020
  3.1739900e+002  3.1300000e-020  3.2100000e-020  3.3000000e-020  3.3400000e-020  3.6800000e-020  4.0000000e-020
  3.1744900e+002  2.9900000e-020  3.3400000e-020  3.4600000e-020  3.4800000e-020  3.8300000e-020  4.0900000e-020
  3.1749900e+002  3.1500000e-020  3.4500000e-020  3.5800000e-020  3.6100000e-020  3.9200000e-020  4.1900000e-020
  3.1754900e+002  3.1800000e-020  3.5900000e-020  3.7000000e-020  3.7300000e-020  3.9700000e-020  4.2200000e-020
  3.1759900e+002  3.5000000e-020  3.6600000e-020  3.6800000e-020  3.8100000e-020  3.9500000e-020  4.2200000e-020
  3.1764900e+002  3.6300000e-020  3.6000000e-020  3.6300000e-020  3.7200000e-020  3.8800000e-020  4.1600000e-020
  3.1769900e+002  3.6100000e-020  3.4900000e-020  3.4800000e-020  3.6100000e-020  3.7900000e-020  4.0800000e-020
  3.1774900e+002  3.6800000e-020  3.4000000e-020  3.4100000e-020  3.5300000e-020  3.6900000e-020  4.0200000e-020
  3.1779900e+002  3.4500000e-020  3.2600000e-020  3.2900000e-020  3.3200000e-020  3.6100000e-020  3.9300000e-020
  3.1784900e+002  3.3700000e-020  3.1300000e-020  3.1100000e-020  3.2400000e-020  3.4700000e-020  3.8300000e-020
  3.1789900e+002  3.2100000e-020  3.0300000e-020  3.0400000e-020  3.1300000e-020  3.4200000e-020  3.7600000e-020
  3.1794900e+002  3.1300000e-020  3.0100000e-020  3.0600000e-020  3.1100000e-020  3.4100000e-020  3.7300000e-020
  3.1799900e+002  3.0000000e-020  3.0300000e-020  3.0600000e-020  3.1300000e-020  3.4200000e-020  3.7200000e-020
  3.1804900e+002  2.9100000e-020  3.0300000e-020  3.0700000e-020  3.1300000e-020  3.3800000e-020  3.7200000e-020
  3.1809900e+002  2.9300000e-020  2.9300000e-020  3.0000000e-020  3.0300000e-020  3.3200000e-020  3.6200000e-020
  3.1814900e+002  2.9100000e-020  2.8100000e-020  2.8700000e-020  2.9600000e-020  3.1500000e-020  3.5400000e-020
  3.1819900e+002  2.8800000e-020  2.6900000e-020  2.7700000e-020  2.8800000e-020  3.1000000e-020  3.4600000e-020
  3.1824900e+002  2.7600000e-020  2.6200000e-020  2.6800000e-020  2.7700000e-020  3.0200000e-020  3.4000000e-020
  3.1829900e+002  2.7300000e-020  2.5200000e-020  2.6300000e-020  2.7000000e-020  2.9800000e-020  3.3500000e-020
  3.1834900e+002  2.5000000e-020  2.4000000e-020  2.4700000e-020  2.5700000e-020  2.8600000e-020  3.2400000e-020
  3.1839900e+002  2.3700000e-020  2.3300000e-020  2.4900000e-020  2.5000000e-020  2.7900000e-020  3.1600000e-020
  3.1844900e+002  2.3600000e-020  2.2600000e-020  2.3100000e-020  2.4700000e-020  2.7700000e-020  3.0800000e-020
  3.1849900e+002  2.2800000e-020  2.2500000e-020  2.2300000e-020  2.4400000e-020  2.7300000e-020  3.0700000e-020
  3.1854900e+002  2.3000000e-020  2.2300000e-020  2.1900000e-020  2.4000000e-020  2.6700000e-020  3.0600000e-020
  3.1859900e+002  2.1000000e-020  2.2200000e-020  2.3200000e-020  2.3400000e-020  2.7100000e-020  3.0100000e-020
  3.1864900e+002  2.1200000e-020  2.1800000e-020  2.2100000e-020  2.3100000e-020  2.6300000e-020  2.9800000e-020
  3.1869900e+002  2.1600000e-020  2.1500000e-020  2.1800000e-020  2.2500000e-020  2.5600000e-020  2.9100000e-020
  3.1874900e+002  2.1400000e-020  2.1200000e-020  2.2300000e-020  2.2700000e-020  2.5800000e-020  2.9100000e-020
  3.1879900e+002  2.0600000e-020  2.0800000e-020  2.1400000e-020  2.2800000e-020  2.5600000e-020  2.8700000e-020
  3.1884900e+002  2.0600000e-020  2.0200000e-020  2.0800000e-020  2.1500000e-020  2.4800000e-020  2.8400000e-020
  3.1889900e+002  2.0100000e-020  1.9700000e-020  2.0400000e-020  2.1400000e-020  2.4400000e-020  2.7800000e-020
  3.1894900e+002  1.9600000e-020  1.9200000e-020  1.9900000e-020  2.1200000e-020  2.4000000e-020  2.7400000e-020
  3.1899900e+002  1.7800000e-020  1.9000000e-020  1.9300000e-020  2.0100000e-020  2.3600000e-020  2.6900000e-020
  3.1904900e+002  1.9100000e-020  1.9000000e-020  1.9200000e-020  2.1000000e-020  2.3700000e-020  2.7000000e-020
  3.1909900e+002  1.8500000e-020  1.9100000e-020  1.9300000e-020  2.0500000e-020  2.3600000e-020  2.7000000e-020
  3.1914900e+002  1.7900000e-020  1.9900000e-020  2.0200000e-020  2.1200000e-020  2.4400000e-020  2.7400000e-020
  3.1919900e+002  1.8000000e-020  2.1000000e-020  2.0900000e-020  2.1800000e-020  2.4800000e-020  2.8000000e-020
  3.1924900e+002  1.8100000e-020  2.2300000e-020  2.2200000e-020  2.3200000e-020  2.6500000e-020  2.8800000e-020
  3.1929900e+002  1.8800000e-020  2.4100000e-020  2.3600000e-020  2.4000000e-020  2.7900000e-020  3.0300000e-020
  3.1934900e+002  2.0900000e-020  2.6200000e-020  2.5900000e-020  2.6800000e-020  2.9100000e-020  3.1400000e-020
  3.1939900e+002  2.2700000e-020  2.7200000e-020  2.6502404e-020  2.7500000e-020  2.9500000e-020  3.1900000e-020
  3.1944900e+002  2.5000000e-020  2.7100000e-020  2.7200000e-020  2.7600000e-020  2.9400000e-020  3.2000000e-020
  3.1949900e+002  2.5100000e-020  2.6900000e-020  2.7100000e-020  2.7800000e-020  2.9300000e-020  3.1900000e-020
  3.1954900e+002  2.5900000e-020  2.6200000e-020  2.5300000e-020  2.6600000e-020  2.8900000e-020  3.1500000e-020
  3.1960500e+002  2.6600000e-020  2.5400000e-020  2.5000000e-020  2.5900000e-020  2.8100000e-020  3.0800000e-020
  3.1964900e+002  2.6300000e-020  2.4700000e-020  2.4500000e-020  2.5600000e-020  2.7600000e-020  3.0200000e-020
  3.1969900e+002  2.5100000e-020  2.4100000e-020  2.4200000e-020  2.4800000e-020  2.7200000e-020  2.9800000e-020
  3.1974900e+002  2.4500000e-020  2.3900000e-020  2.3900000e-020  2.4900000e-020  2.7000000e-020  2.9800000e-020
  3.1979900e+002  2.4300000e-020  2.4200000e-020  2.4600000e-020  2.4600000e-020  2.7400000e-020  2.9700000e-020
  3.1984900e+002  2.2500000e-020  2.6400000e-020  2.6700000e-020  2.5600000e-020  2.8900000e-020  3.1200000e-020
  3.1989900e+002  2.3300000e-020  2.8700000e-020  2.8000000e-020  2.8500000e-020  3.0300000e-020  3.2600000e-020
  3.1994900e+002  2.4100000e-020  2.9100000e-020  2.8500000e-020  2.8900000e-020  3.0600000e-020  3.2800000e-020
  3.1999900e+002  2.7460000e-020  2.8700000e-020  2.8000000e-020  2.8490000e-020  3.0250000e-020  3.2330000e-020
  3.2004900e+002  2.6390000e-020  2.7740000e-020  2.7220000e-020  2.7750000e-020  2.9510000e-020  3.1730000e-020
  3.2009900e+002  2.5140000e-020  2.6360000e-020  2.5800000e-020  2.6490000e-020  2.8230000e-020  3.0650000e-020
  3.2014900e+002  2.3300000e-020  2.4710000e-020  2.4470000e-020  2.5200000e-020  2.7390000e-020  2.9690000e-020
  3.2019900e+002  2.2150000e-020  2.3560000e-020  2.3260000e-020  2.4410000e-020  2.5420000e-020  2.8950000e-020
  3.2024900e+002  2.1180000e-020  2.2560000e-020  2.2280000e-020  2.3060000e-020  2.5450000e-020  2.8170000e-020
  3.2029900e+002  2.0180000e-020  2.1580000e-020  2.1240000e-020  2.2330000e-020  2.4580000e-020  2.7400000e-020
  3.2034900e+002  1.8840000e-020  2.0350000e-020  2.0450000e-020  2.1130000e-020  2.3710000e-020  2.6550000e-020
  3.2039900e+002  1.8240000e-020  1.9370000e-020  1.9680000e-020  2.0410000e-020  2.2900000e-020  2.5790000e-020
  3.2045000e+002  1.8400000e-020  1.9360000e-020  1.9630000e-020  2.0380000e-020  2.2960000e-020  2.5680000e-020
  3.2050000e+002  1.8090000e-020  1.9320000e-020  1.9630000e-020  2.0300000e-020  2.2730000e-020  2.5420000e-020
  3.2055000e+002  1.7690000e-020  1.8940000e-020  1.9120000e-020  1.9930000e-020  2.2400000e-020  2.5060000e-020
  3.2060000e+002  1.6860000e-020  1.8230000e-020  1.8490000e-020  1.9420000e-020  2.1460000e-020  2.4410000e-020
  3.2065000e+002  1.5900000e-020  1.7240000e-020  1.7410000e-020  1.8400000e-020  2.0800000e-020  2.3540000e-020
  3.2070000e+002  1.5060000e-020  1.6390000e-020  1.6520000e-020  1.7590000e-020  2.0060000e-020  2.2770000e-020
  3.2075000e+002  1.4550000e-020  1.5830000e-020  1.6170000e-020  1.7150000e-020  1.9650000e-020  2.2510000e-020
  3.2080000e+002  1.3960000e-020  1.5280000e-020  1.5430000e-020  1.6690000e-020  1.8920000e-020  2.1970000e-020
  3.2085000e+002  1.3020000e-020  1.4230000e-020  1.4730000e-020  1.5690000e-020  1.8400000e-020  2.1110000e-020
  3.2090000e+002  1.2510000e-020  1.3700000e-020  1.4100000e-020  1.5290000e-020  1.7570000e-020  2.0490000e-020
  3.2095000e+002  1.2060000e-020  1.3280000e-020  1.3680000e-020  1.4840000e-020  1.7510000e-020  2.0170000e-020
  3.2100000e+002  1.1840000e-020  1.2930000e-020  1.3390000e-020  1.4410000e-020  1.7100000e-020  1.9890000e-020
  3.2104800e+002  1.1820000e-020  1.2920000e-020  1.3340000e-020  1.4250000e-020  1.6850000e-020  1.9690000e-020
  3.2110000e+002  1.1770000e-020  1.2840000e-020  1.3430000e-020  1.4060000e-020  1.6770000e-020  1.9410000e-020
  3.2114900e+002  1.1950000e-020  1.2800000e-020  1.3370000e-020  1.4160000e-020  1.6690000e-020  1.9390000e-020
  3.2119900e+002  1.2240000e-020  1.3080000e-020  1.3690000e-020  1.4230000e-020  1.6760000e-020  1.9370000e-020
  3.2124900e+002  1.2420000e-020  1.3190000e-020  1.3640000e-020  1.4300000e-020  1.6760000e-020  1.9280000e-020
  3.2129900e+002  1.2630000e-020  1.3420000e-020  1.3840000e-020  1.4510000e-020  1.6890000e-020  1.9400000e-020
  3.2134900e+002  1.2840000e-020  1.3620000e-020  1.3970000e-020  1.4580000e-020  1.7150000e-020  1.9480000e-020
  3.2139900e+002  1.2740000e-020  1.3500000e-020  1.3930000e-020  1.4520000e-020  1.6890000e-020  1.9330000e-020
  3.2144900e+002  1.2520000e-020  1.3440000e-020  1.3650000e-020  1.4480000e-020  1.6660000e-020  1.9150000e-020
  3.2149900e+002  1.2430000e-020  1.3310000e-020  1.3650000e-020  1.4300000e-020  1.6550000e-020  1.9040000e-020
  3.2154900e+002  1.2170000e-020  1.3050000e-020  1.3260000e-020  1.4100000e-020  1.6320000e-020  1.8920000e-020
  3.2159900e+002  1.1970000e-020  1.2780000e-020  1.3300000e-020  1.3750000e-020  1.6110000e-020  1.8770000e-020
  3.2164900e+002  1.2160000e-020  1.2820000e-020  1.3190000e-020  1.3910000e-020  1.6300000e-020  1.8650000e-020
  3.2169900e+002  1.2640000e-020  1.3110000e-020  1.3560000e-020  1.4090000e-020  1.6560000e-020  1.8950000e-020
  3.2174900e+002  1.3160000e-020  1.3600000e-020  1.4140000e-020  1.4480000e-020  1.7040000e-020  1.9120000e-020
  3.2179900e+002  1.4670000e-020  1.4700000e-020  1.5120000e-020  1.5480000e-020  1.8100000e-020  1.9990000e-020
  3.2184900e+002  1.7490000e-020  1.7160000e-020  1.7770000e-020  1.7790000e-020  2.0060000e-020  2.1650000e-020
  3.2189900e+002  2.0670000e-020  2.0440000e-020  2.0720000e-020  2.0350000e-020  2.2060000e-020  2.3660000e-020
  3.2194900e+002  2.1770000e-020  2.1750000e-020  2.1670000e-020  2.1680000e-020  2.2730000e-020  2.4480000e-020
  3.2199900e+002  2.2000000e-020  2.2280000e-020  2.1950000e-020  2.2010000e-020  2.3360000e-020  2.4760000e-020
  3.2204900e+002  2.1770000e-020  2.2290000e-020  2.1840000e-020  2.1970000e-020  2.3230000e-020  2.4920000e-020
  3.2209900e+002  2.0790000e-020  2.1480000e-020  2.1160000e-020  2.1350000e-020  2.2680000e-020  2.4450000e-020
  3.2214900e+002  1.9690000e-020  2.0600000e-020  2.0250000e-020  2.0720000e-020  2.1870000e-020  2.3790000e-020
  3.2219900e+002  1.8650000e-020  1.9640000e-020  1.9430000e-020  1.9980000e-020  2.1220000e-020  2.3320000e-020
  3.2224100e+002  1.7920000e-020  1.9000000e-020  1.8690000e-020  1.9400000e-020  2.0760000e-020  2.2860000e-020
  3.2229100e+002  1.7200000e-020  1.8200000e-020  1.8000000e-020  1.8780000e-020  2.0200000e-020  2.2290000e-020
  3.2234100e+002  1.6390000e-020  1.7210000e-020  1.7180000e-020  1.7920000e-020  1.9620000e-020  2.1600000e-020
  3.2239100e+002  1.6200000e-020 -9.9900000e+000  1.7020000e-020  1.7820000e-020  1.9420000e-020  2.1510000e-020
  3.2244100e+002  1.7060000e-020 -9.9900000e+000  1.7460000e-020  1.7730000e-020  2.0000000e-020  2.1600000e-020
  3.2249100e+002  1.8670000e-020  1.8510000e-020  1.8890000e-020  1.9800000e-020  2.1370000e-020  2.2410000e-020
  3.2254100e+002  2.0410000e-020  2.0520000e-020  2.0450000e-020  2.0620000e-020  2.2310000e-020  2.3610000e-020
  3.2259100e+002  2.0950000e-020  2.1450000e-020  2.1170000e-020  2.1340000e-020  2.2840000e-020  2.4230000e-020
  3.2264100e+002  2.0210000e-020  2.0990000e-020  2.0590000e-020  2.1170000e-020  2.2150000e-020  2.3770000e-020
  3.2269100e+002  1.9340000e-020  2.0270000e-020  1.9880000e-020  2.0490000e-020  2.1630000e-020  2.3410000e-020
  3.2274100e+002  1.8630000e-020  1.9560000e-020  1.9310000e-020  2.0140000e-020  2.1160000e-020  2.3000000e-020
  3.2279100e+002  1.7710000e-020  1.8650000e-020  1.8510000e-020  1.9140000e-020  2.0340000e-020  2.2330000e-020
  3.2284100e+002  1.6280000e-020  1.7520000e-020  1.7280000e-020  1.8270000e-020  1.9180000e-020  2.1480000e-020
  3.2289100e+002  1.5250000e-020  1.6330000e-020  1.6300000e-020  1.7250000e-020  1.8710000e-020  2.0650000e-020
  3.2294100e+002  1.4060000e-020  1.5160000e-020  1.5220000e-020  1.6200000e-020  1.7420000e-020  1.9810000e-020
  3.2299100e+002  1.3480000e-020  1.4530000e-020  1.4610000e-020  1.5480000e-020  1.7120000e-020  1.9330000e-020
  3.2304100e+002  1.2590000e-020  1.3750000e-020  1.3880000e-020  1.4810000e-020  1.6330000e-020  1.8800000e-020
  3.2309100e+002  1.1730000e-020  1.2840000e-020  1.2930000e-020  1.3850000e-020  1.5750000e-020  1.8020000e-020
  3.2314100e+002  1.0690000e-020  1.1860000e-020  1.2110000e-020  1.3090000e-020  1.4660000e-020  1.7250000e-020
  3.2319100e+002  1.0220000e-020  1.1230000e-020  1.1620000e-020  1.2490000e-020  1.4330000e-020  1.6690000e-020
  3.2324100e+002  9.7800000e-021  1.0780000e-020  1.1190000e-020  1.2090000e-020  1.3960000e-020  1.6270000e-020
  3.2329100e+002  9.2800000e-021  1.0400000e-020  1.0600000e-020  1.1630000e-020  1.3440000e-020  1.5880000e-020
  3.2334100e+002  8.8400000e-021  9.6500000e-021  9.9500000e-021  1.1040000e-020  1.2620000e-020  1.5150000e-020
  3.2339100e+002  8.2200000e-021  9.2700000e-021  9.5600000e-021  1.0350000e-020  1.2620000e-020  1.4800000e-020
  3.2344100e+002  7.8800000e-021  8.6800000e-021  9.0900000e-021  1.0100000e-020  1.2030000e-020  1.4300000e-020
  3.2349100e+002  7.6700000e-021  8.5500000e-021  8.9700000e-021  9.9100000e-021  1.2230000e-020  1.4040000e-020
  3.2354100e+002  7.2900000e-021  8.2800000e-021  8.6300000e-021  9.6500000e-021  1.1420000e-020  1.3710000e-020
  3.2359100e+002  6.9200000e-021  7.7100000e-021  8.1200000e-021  8.8700000e-021  1.1190000e-020  1.3080000e-020
  3.2364100e+002  6.6900000e-021  7.4300000e-021  7.7800000e-021  8.6400000e-021  1.0780000e-020  1.2870000e-020
  3.2369100e+002  6.3900000e-021  7.1700000e-021  7.4800000e-021  8.3700000e-021  1.0340000e-020  1.2580000e-020
  3.2374100e+002  6.2900000e-021  7.0100000e-021  7.4900000e-021  8.1900000e-021  1.0190000e-020  1.2380000e-020
  3.2379100e+002  6.2300000e-021  6.8500000e-021  7.2400000e-021  7.9400000e-021  1.0030000e-020  1.2300000e-020
  3.2384100e+002  6.3200000e-021  6.8900000e-021  7.2500000e-021  7.9600000e-021  1.0040000e-020  1.2160000e-020
  3.2389100e+002  6.4400000e-021  6.9500000e-021  7.3300000e-021  8.0100000e-021  9.9900000e-021  1.2100000e-020
  3.2394100e+002  6.8800000e-021  7.2500000e-021  7.7300000e-021  8.2200000e-021  1.0130000e-020  1.2260000e-020
  3.2399100e+002  7.3300000e-021  7.6700000e-021  8.0000000e-021  8.5500000e-021  1.0750000e-020  1.2480000e-020
  3.2404000e+002  7.9600000e-021  8.1900000e-021  8.4900000e-021  9.1400000e-021  1.0990000e-020  1.2770000e-020
  3.2409000e+002  8.5300000e-021  8.9400000e-021  9.1900000e-021  9.7200000e-021  1.1310000e-020  1.3130000e-020
  3.2414000e+002  8.9300000e-021  9.2500000e-021  9.4900000e-021  9.9300000e-021  1.1490000e-020  1.3390000e-020
  3.2419000e+002  9.0100000e-021  9.3800000e-021  9.5400000e-021  1.0150000e-020  1.1750000e-020  1.3400000e-020
  3.2424000e+002  8.9600000e-021  9.4200000e-021  9.5700000e-021  1.0130000e-020  1.1650000e-020  1.3470000e-020
  3.2429000e+002  8.7800000e-021  9.2500000e-021  9.4400000e-021  9.9200000e-021  1.1330000e-020  1.3270000e-020
  3.2434000e+002  8.6700000e-021  9.1000000e-021  9.2700000e-021  9.8000000e-021  1.1420000e-020  1.3160000e-020
  3.2439000e+002  8.6500000e-021  9.0900000e-021  9.4000000e-021  9.9000000e-021  1.1510000e-020  1.3100000e-020
  3.2444000e+002  8.7600000e-021  9.0400000e-021  9.0600000e-021  9.9100000e-021  1.1480000e-020  1.3090000e-020
  3.2449000e+002  8.7000000e-021  9.0400000e-021  9.2300000e-021  9.8100000e-021  1.1440000e-020  1.3130000e-020
  3.2454000e+002  8.9900000e-021  9.2200000e-021  9.5300000e-021  9.9000000e-021  1.1410000e-020  1.3260000e-020
  3.2459000e+002  1.0010000e-020  9.9400000e-021  1.0180000e-020  1.0520000e-020  1.2230000e-020  1.3810000e-020
  3.2464000e+002  1.2510000e-020  1.1990000e-020  1.2280000e-020  1.2260000e-020  1.4010000e-020  1.5120000e-020
  3.2469000e+002  1.5070000e-020  1.4790000e-020  1.4720000e-020  1.4530000e-020  1.5990000e-020  1.6910000e-020
  3.2474000e+002  1.6370000e-020  1.6090000e-020  1.5800000e-020  1.5750000e-020  1.6970000e-020  1.7740000e-020
  3.2479000e+002  1.6420000e-020  1.6780000e-020  1.6500000e-020  1.6550000e-020  1.7340000e-020  1.8260000e-020
  3.2484000e+002  1.6370000e-020  1.6610000e-020  1.6410000e-020  1.6460000e-020  1.7230000e-020  1.8390000e-020
  3.2489000e+002  1.5510000e-020  1.5950000e-020  1.5730000e-020  1.5980000e-020  1.6800000e-020  1.8000000e-020
  3.2494000e+002  1.4760000e-020  1.5190000e-020  1.5250000e-020  1.5430000e-020  1.6200000e-020  1.7390000e-020
  3.2499000e+002  1.4200000e-020  1.4680000e-020  1.4660000e-020  1.4910000e-020  1.5890000e-020  1.7060000e-020
  3.2504000e+002  1.3270000e-020  1.3860000e-020  1.3740000e-020  1.4170000e-020  1.5170000e-020  1.6470000e-020
  3.2509000e+002  1.2430000e-020  1.3160000e-020  1.3120000e-020  1.3650000e-020  1.4650000e-020  1.5960000e-020
  3.2514000e+002  1.1380000e-020  1.2060000e-020  1.2150000e-020  1.2570000e-020  1.3780000e-020  1.5250000e-020
  3.2519000e+002  1.0850000e-020  1.1560000e-020  1.1550000e-020  1.2160000e-020  1.3440000e-020  1.4800000e-020
  3.2524000e+002  1.0520000e-020  1.1140000e-020  1.1290000e-020  1.1740000e-020  1.3110000e-020  1.4540000e-020
  3.2529000e+002  1.0380000e-020  1.0970000e-020  1.1050000e-020  1.1400000e-020  1.2930000e-020  1.4560000e-020
  3.2534000e+002  1.1060000e-020  1.0970000e-020  1.1290000e-020  1.1580000e-020  1.3090000e-020  1.4510000e-020
  3.2539000e+002  1.2140000e-020  1.2280000e-020  1.2330000e-020  1.2550000e-020  1.4070000e-020  1.5110000e-020
  3.2544000e+002  1.2140000e-020  1.2520000e-020  1.2520000e-020  1.2850000e-020  1.3890000e-020  1.5260000e-020
  3.2549000e+002  1.1930000e-020  1.2450000e-020  1.2360000e-020  1.2780000e-020  1.3820000e-020  1.5090000e-020
  3.2554000e+002  1.1590000e-020  1.1950000e-020  1.1980000e-020  1.2410000e-020  1.3460000e-020  1.4820000e-020
  3.2559000e+002  1.1110000e-020  1.1570000e-020  1.1610000e-020  1.1990000e-020  1.3150000e-020  1.4460000e-020
  3.2564000e+002  1.0100000e-020  1.0620000e-020  1.0710000e-020  1.1180000e-020  1.2300000e-020  1.3830000e-020
  3.2569000e+002  9.4800000e-021  1.0320000e-020  1.0380000e-020  1.0900000e-020  1.2040000e-020  1.3520000e-020
  3.2574000e+002  8.9800000e-021  9.5800000e-021  9.7600000e-021  1.0160000e-020  1.1630000e-020  1.2920000e-020
  3.2579000e+002  8.3800000e-021  9.1500000e-021  9.2700000e-021  9.7000000e-021  1.1150000e-020  1.2530000e-020
  3.2584000e+002  7.9000000e-021  8.6200000e-021  8.7900000e-021  9.3800000e-021  1.0790000e-020  1.2240000e-020
  3.2589000e+002  7.1800000e-021  7.8700000e-021  8.0400000e-021  8.6500000e-021  9.9700000e-021  1.1590000e-020
  3.2594000e+002  6.7800000e-021  7.3700000e-021  7.6900000e-021  8.1800000e-021  9.6700000e-021  1.1310000e-020
  3.2599000e+002  6.5100000e-021  7.1600000e-021  7.4100000e-021  8.0800000e-021  9.5400000e-021  1.1170000e-020
  3.2604000e+002  6.0700000e-021  6.6900000e-021  7.0500000e-021  7.7000000e-021  9.2400000e-021  1.0830000e-020
  3.2609000e+002  5.7400000e-021  6.3400000e-021  6.6800000e-021  7.1500000e-021  8.8000000e-021  1.0510000e-020
  3.2614000e+002  5.3500000e-021  5.9800000e-021  6.3300000e-021  7.0200000e-021  8.4200000e-021  1.0230000e-020
  3.2619000e+002  5.2100000e-021  5.7100000e-021  6.0300000e-021  6.5500000e-021  8.2700000e-021  1.0060000e-020
  3.2624000e+002  5.0400000e-021  5.5700000e-021  5.9700000e-021  6.4600000e-021  8.1600000e-021  9.9100000e-021
  3.2629000e+002  4.8300000e-021  5.3500000e-021  5.7500000e-021  6.4900000e-021  7.9200000e-021  9.5200000e-021
  3.2634000e+002  4.8000000e-021  5.2800000e-021  5.5600000e-021  6.2700000e-021  7.6400000e-021  9.2400000e-021
  3.2639000e+002  4.6300000e-021  5.0900000e-021  5.4200000e-021  6.1300000e-021  7.3400000e-021  9.0900000e-021
  3.2644000e+002  4.4300000e-021  4.9500000e-021  5.3200000e-021  5.8300000e-021  7.1900000e-021  8.7700000e-021
  3.2649000e+002  4.3100000e-021  4.7800000e-021  5.0800000e-021  5.7500000e-021  7.3100000e-021  8.7400000e-021
  3.2654000e+002  4.1400000e-021  4.6600000e-021  5.0100000e-021  5.6700000e-021  6.9600000e-021  8.5000000e-021
  3.2659000e+002  4.0300000e-021  4.4700000e-021  4.8400000e-021  5.4600000e-021  6.7800000e-021  8.3200000e-021
  3.2664000e+002  3.8700000e-021  4.4300000e-021  4.7300000e-021  5.4200000e-021  6.6000000e-021  8.3000000e-021
  3.2669000e+002  3.9000000e-021  4.2900000e-021  4.5800000e-021  5.2000000e-021  6.4100000e-021  8.0300000e-021
  3.2674000e+002  3.8300000e-021  4.2500000e-021  4.5700000e-021  5.1100000e-021  6.4600000e-021  7.9300000e-021
  3.2679000e+002  3.8100000e-021  4.2500000e-021  4.5800000e-021  5.1100000e-021  6.4300000e-021  7.8700000e-021
  3.2684000e+002  4.0400000e-021  4.2900000e-021  4.6200000e-021  5.3000000e-021  6.4200000e-021  7.9800000e-021
  3.2689000e+002  4.4900000e-021  4.6700000e-021  4.9800000e-021  5.6600000e-021  6.8500000e-021  8.0900000e-021
  3.2694000e+002  5.2300000e-021  5.2400000e-021  5.3700000e-021  6.0300000e-021  7.0800000e-021  8.5400000e-021
  3.2699000e+002  5.7200000e-021  5.8900000e-021  5.7700000e-021  6.5500000e-021  7.7200000e-021  8.8700000e-021
  3.2704000e+002  6.5200000e-021  6.5700000e-021  6.6800000e-021  6.9500000e-021  8.0900000e-021  9.3100000e-021
  3.2709000e+002  6.9900000e-021  7.1300000e-021  7.2900000e-021  7.6900000e-021  8.4800000e-021  9.6000000e-021
  3.2714000e+002  7.2400000e-021  7.4300000e-021  7.5000000e-021  7.8600000e-021  8.6700000e-021  9.7600000e-021
  3.2719000e+002  7.1200000e-021  7.3600000e-021  7.4400000e-021  8.0000000e-021  8.5600000e-021  9.7700000e-021
  3.2724000e+002  7.0700000e-021  7.2800000e-021  7.4200000e-021  7.7400000e-021  8.5500000e-021  9.7800000e-021
  3.2729000e+002  6.9300000e-021  7.1700000e-021  7.2000000e-021  7.6800000e-021  8.6100000e-021  9.7200000e-021
  3.2734000e+002  6.6200000e-021  6.8700000e-021  7.0400000e-021  7.4600000e-021  8.1300000e-021  9.4200000e-021
  3.2739000e+002  6.2300000e-021  6.5500000e-021  6.7400000e-021  7.2000000e-021  7.9800000e-021  9.1200000e-021
  3.2744000e+002  6.1000000e-021  6.4000000e-021  6.5700000e-021  6.9600000e-021  7.9300000e-021  8.9600000e-021
  3.2749000e+002  6.1100000e-021  6.2300000e-021  6.5000000e-021  6.9000000e-021  7.7600000e-021  8.9100000e-021
  3.2754000e+002  6.1200000e-021  6.2700000e-021  6.4400000e-021  6.9700000e-021  7.9200000e-021  8.9100000e-021
  3.2759000e+002  6.2900000e-021  6.4600000e-021  6.6400000e-021  7.2000000e-021  7.9300000e-021  9.0200000e-021
  3.2764000e+002  7.6300000e-021  7.4200000e-021  7.4600000e-021  7.9500000e-021  8.9500000e-021  9.8200000e-021
  3.2769000e+002  8.9500000e-021  8.9400000e-021  8.7300000e-021  9.1300000e-021  1.0060000e-020  1.0880000e-020
  3.2774000e+002  9.9600000e-021  9.9100000e-021  9.6900000e-021  1.0290000e-020  1.0780000e-020  1.1540000e-020
  3.2779000e+002  1.0910000e-020  1.0890000e-020  1.0640000e-020  1.0820000e-020  1.1530000e-020  1.2140000e-020
  3.2784000e+002  1.1810000e-020  1.1840000e-020  1.1600000e-020  1.1800000e-020  1.2190000e-020  1.2820000e-020
  3.2789000e+002  1.1960000e-020  1.2180000e-020  1.2020000e-020  1.2020000e-020  1.2360000e-020  1.3130000e-020
  3.2794000e+002  1.1660000e-020  1.1920000e-020  1.1860000e-020  1.1870000e-020  1.2450000e-020  1.3170000e-020
  3.2799000e+002  1.1440000e-020  1.1670000e-020  1.1550000e-020  1.1650000e-020  1.2140000e-020  1.2970000e-020
  3.2804000e+002  1.0880000e-020  1.1070000e-020  1.1130000e-020  1.1370000e-020  1.1580000e-020  1.2630000e-020
  3.2809000e+002  1.0140000e-020  1.0350000e-020  1.0470000e-020  1.0530000e-020  1.1170000e-020  1.2240000e-020
  3.2814000e+002  9.2300000e-021  9.6700000e-021  9.8000000e-021  9.9700000e-021  1.0730000e-020  1.1640000e-020
  3.2819000e+002  8.6500000e-021  9.1200000e-021  9.2100000e-021  9.4700000e-021  1.0150000e-020  1.1260000e-020
  3.2824000e+002  8.2700000e-021  8.5300000e-021  8.7100000e-021  8.9700000e-021  1.0010000e-020  1.1000000e-020
  3.2829000e+002  7.6500000e-021  8.1000000e-021  8.3100000e-021  8.7400000e-021  9.5100000e-021  1.0670000e-020
  3.2834000e+002  7.1000000e-021  7.4200000e-021  7.8000000e-021  8.0800000e-021  9.0900000e-021  1.0260000e-020
  3.2839000e+002  6.3400000e-021  6.8900000e-021  7.1500000e-021  7.4100000e-021  8.5800000e-021  9.8800000e-021
  3.2844000e+002  5.9700000e-021  6.4300000e-021  6.7600000e-021  7.1600000e-021  8.2000000e-021  9.5800000e-021
  3.2849000e+002  5.6700000e-021  6.1300000e-021  6.4400000e-021  6.8900000e-021  7.8900000e-021  9.4800000e-021
  3.2854000e+002  5.2700000e-021  5.5400000e-021  6.0900000e-021  6.3600000e-021  7.6200000e-021  9.1200000e-021
  3.2859000e+002  4.8900000e-021  5.2500000e-021  5.6900000e-021  6.0200000e-021  7.2000000e-021  8.5400000e-021
  3.2864000e+002  4.8800000e-021  4.9100000e-021  5.2600000e-021  5.5500000e-021  6.9400000e-021  8.2100000e-021
  3.2869000e+002  4.1300000e-021  4.5600000e-021  4.9800000e-021  5.1700000e-021  6.6600000e-021  7.8700000e-021
  3.2874000e+002  4.0100000e-021  4.3800000e-021  4.7500000e-021  5.1300000e-021  6.2500000e-021  7.6500000e-021
  3.2879000e+002  3.6500000e-021  4.0200000e-021  4.4700000e-021  4.8200000e-021  6.0700000e-021  7.3800000e-021
  3.2884000e+002  3.4800000e-021  3.7600000e-021  4.2200000e-021  4.5200000e-021  5.6000000e-021  7.1100000e-021
  3.2889000e+002  3.2300000e-021  3.5800000e-021  4.0000000e-021  4.2900000e-021  5.5400000e-021  6.7700000e-021
  3.2894000e+002  3.0200000e-021  3.4300000e-021  3.8300000e-021  4.2100000e-021  5.3900000e-021  6.6800000e-021
  3.2899000e+002  2.9100000e-021  3.2100000e-021  3.6000000e-021  3.9500000e-021  5.2100000e-021  6.6000000e-021
  3.2904000e+002  2.7500000e-021  3.0800000e-021  3.4500000e-021  3.7500000e-021  5.1900000e-021  6.2300000e-021
  3.2909000e+002  2.5600000e-021  2.9300000e-021  3.2500000e-021  3.5400000e-021  4.8800000e-021  6.1900000e-021
  3.2914000e+002  2.4000000e-021  2.7600000e-021  3.1300000e-021  3.4700000e-021  4.6300000e-021  5.9300000e-021
  3.2919000e+002  2.4000000e-021  2.6600000e-021  2.9900000e-021  3.4200000e-021  4.5000000e-021  5.8400000e-021
  3.2924000e+002  2.3400000e-021  2.5900000e-021  2.9500000e-021  3.4000000e-021  4.3600000e-021  5.5700000e-021
  3.2929000e+002  2.3200000e-021  2.4700000e-021  2.8700000e-021  3.2300000e-021  4.2100000e-021  5.5000000e-021
  3.2934000e+002  2.2100000e-021  2.4000000e-021  2.7700000e-021  3.3400000e-021  4.2200000e-021  5.3900000e-021
  3.2939000e+002  2.2900000e-021  2.4600000e-021  2.8100000e-021  3.1900000e-021  4.0400000e-021  5.1900000e-021
  3.2944000e+002  2.2800000e-021  2.4500000e-021  2.6600000e-021  3.2200000e-021  4.0100000e-021  5.1800000e-021
  3.2949000e+002  2.3800000e-021  2.5600000e-021  2.7900000e-021  3.2100000e-021  4.0500000e-021  5.1500000e-021
  3.2954000e+002  2.5200000e-021  2.6400000e-021  2.8900000e-021  3.4200000e-021  4.0800000e-021  5.2000000e-021
  3.2959000e+002  2.5100000e-021  2.5800000e-021  2.9100000e-021  3.1100000e-021  4.1400000e-021  5.1600000e-021
  3.2964000e+002  2.5700000e-021  2.6400000e-021  2.9300000e-021  3.2500000e-021  4.0900000e-021  5.1300000e-021
  3.2969000e+002  2.3900000e-021  2.6100000e-021  2.9200000e-021  3.2000000e-021  4.0000000e-021  5.0900000e-021
  3.2974000e+002  2.4000000e-021  2.5900000e-021  2.8700000e-021  3.2100000e-021  3.8800000e-021  4.9400000e-021
  3.2979000e+002  2.3400000e-021  2.5700000e-021  2.8600000e-021  3.2000000e-021  3.9900000e-021  4.9300000e-021
  3.2984000e+002  2.3100000e-021  2.5200000e-021  2.8000000e-021  3.0000000e-021  3.8200000e-021  4.8600000e-021
  3.2989000e+002  2.3100000e-021  2.5100000e-021  2.7600000e-021  3.0800000e-021  3.8200000e-021  4.7300000e-021
  3.2994000e+002  2.3400000e-021  2.6100000e-021  2.7300000e-021  3.1000000e-021  3.8600000e-021  4.8100000e-021
  3.2999000e+002  2.7000000e-021  2.6300000e-021  2.9200000e-021  3.3100000e-021  3.9000000e-021  4.9000000e-021
  3.3004000e+002  2.9000000e-021  2.8900000e-021  3.1500000e-021  3.2700000e-021  4.1600000e-021  5.0900000e-021
  3.3009000e+002  3.5000000e-021  3.2600000e-021  3.5400000e-021  3.6900000e-021  4.5800000e-021  5.3600000e-021
  3.3014000e+002  4.8500000e-021  4.2400000e-021  4.5000000e-021  4.7100000e-021  5.6000000e-021  6.1400000e-021
  3.3019000e+002  5.7600000e-021  5.3000000e-021  5.7100000e-021  5.5200000e-021  6.2800000e-021  6.7300000e-021
  3.3024000e+002  5.9400000e-021  5.7100000e-021  6.0100000e-021  5.8000000e-021  6.4900000e-021  7.2100000e-021
  3.3029000e+002  6.1200000e-021  6.0400000e-021  6.1500000e-021  5.9800000e-021  6.7300000e-021  7.3900000e-021
  3.3034000e+002  5.9900000e-021  6.0700000e-021  6.1900000e-021  6.0200000e-021  6.8400000e-021  7.5500000e-021
  3.3039000e+002  5.6200000e-021  5.8800000e-021  6.0700000e-021  5.8500000e-021  6.7300000e-021  7.4800000e-021
  3.3044000e+002  5.3600000e-021  5.8100000e-021  5.8600000e-021  5.7900000e-021  6.5300000e-021  7.4100000e-021
  3.3049000e+002  5.3200000e-021  5.5700000e-021  5.6600000e-021  5.8600000e-021  6.2900000e-021  7.3900000e-021
  3.3054000e+002  5.0100000e-021  5.2000000e-021  5.3793605e-021  5.6900000e-021  6.3500000e-021  7.1100000e-021
  3.3059000e+002  4.7300000e-021  5.0400000e-021  5.2022124e-021  5.4600000e-021  6.3100000e-021  6.9400000e-021
  3.3064000e+002  4.5900000e-021  4.7800000e-021  4.8620811e-021  5.1100000e-021  5.8400000e-021  6.7400000e-021
  3.3069000e+002  4.4600000e-021  4.6500000e-021  4.8017203e-021  5.0700000e-021  5.8200000e-021  6.5800000e-021
  3.3074000e+002  4.4400000e-021  4.6600000e-021  4.8600000e-021  5.0800000e-021  5.6700000e-021  6.6400000e-021
  3.3079000e+002  4.6500000e-021  4.6100000e-021  4.9000000e-021  5.0200000e-021  5.6100000e-021  6.6000000e-021
  3.3084000e+002  5.2100000e-021  4.8500000e-021  5.2500000e-021  5.3800000e-021  6.1100000e-021  6.7800000e-021
  3.3089000e+002  6.6100000e-021  5.8000000e-021  6.4400000e-021  6.5400000e-021  7.0900000e-021  7.6000000e-021
  3.3094000e+002  7.1200000e-021  6.8400000e-021  7.2000000e-021  7.1400000e-021  7.6500000e-021  8.1500000e-021
  3.3099000e+002  7.2500000e-021  7.1400000e-021  7.3100000e-021  7.5300000e-021  7.8400000e-021  8.4800000e-021
  3.3104000e+002  7.2300000e-021  7.3800000e-021  7.4300000e-021  7.5200000e-021  8.0900000e-021  8.6800000e-021
  3.3109000e+002  7.0700000e-021  7.2300000e-021  7.3000000e-021  7.2700000e-021  7.8100000e-021  8.5200000e-021
  3.3110400e+002  6.5700000e-021  6.6500000e-021  6.9300000e-021  6.9400000e-021  7.5100000e-021  8.4000000e-021
  3.3119000e+002  6.1900000e-021  6.4600000e-021  6.4700000e-021  6.7100000e-021  7.6000000e-021  8.0800000e-021
  3.3124000e+002  5.9300000e-021  6.3100000e-021  6.4200000e-021  6.5100000e-021  7.0300000e-021  8.0000000e-021
  3.3129000e+002  5.6400000e-021  5.8600000e-021  6.0000000e-021  6.1800000e-021  6.7100000e-021  7.5500000e-021
  3.3134000e+002  5.0300000e-021  5.5300000e-021  5.5300000e-021  5.7400000e-021  6.4300000e-021  7.2400000e-021
  3.3139000e+002  4.6000000e-021  5.1100000e-021  5.1900000e-021  5.2200000e-021  6.0300000e-021  6.8900000e-021
  3.3144000e+002  4.3000000e-021  4.6800000e-021  4.7100000e-021  5.0900000e-021  5.7600000e-021  6.5600000e-021
  3.3149000e+002  3.9700000e-021  4.3900000e-021  4.6200000e-021  4.7600000e-021  5.5200000e-021  6.3800000e-021
  3.3154000e+002  3.8100000e-021  4.1600000e-021  4.3800000e-021  4.6700000e-021  5.3600000e-021  6.2300000e-021
  3.3159000e+002  3.5000000e-021  3.9000000e-021  4.0400000e-021  4.1700000e-021  5.1300000e-021  6.0200000e-021
  3.3164000e+002  3.1700000e-021  3.5600000e-021  3.6900000e-021  1.4100000e-021  4.8200000e-021  5.6900000e-021
  3.3169000e+002  2.9600000e-021  3.2900000e-021  3.4400000e-021  3.7300000e-021  4.5700000e-021  5.5600000e-021
  3.3174000e+002  2.8500000e-021  3.1300000e-021  3.4000000e-021  3.6900000e-021  4.3400000e-021  5.3100000e-021
  3.3179000e+002  2.6500000e-021  2.9700000e-021  3.1500000e-021  3.3900000e-021  4.2100000e-021  5.2100000e-021
  3.3184000e+002  2.4700000e-021  2.5300000e-021  2.9300000e-021  3.2700000e-021  3.8900000e-021  4.8800000e-021
  3.3189000e+002  2.2900000e-021  2.5600000e-021  2.8000000e-021  3.0400000e-021  3.7000000e-021  4.6900000e-021
  3.3194000e+002  2.1500000e-021  2.3200000e-021  2.5600000e-021  2.9000000e-021  3.6500000e-021  4.2200000e-021
  3.3199000e+002  2.0800000e-021  2.3500000e-021  2.4700000e-021  2.8400000e-021  3.4400000e-021  4.3100000e-021
  3.3204000e+002  1.9100000e-021  2.1400000e-021  2.3600000e-021  2.5800000e-021  3.2800000e-021  4.1900000e-021
  3.3209000e+002  1.8500000e-021  2.0000000e-021  2.1900000e-021  2.5200000e-021  3.1500000e-021  3.9400000e-021
  3.3214000e+002  1.6900000e-021  1.8600000e-021  2.0900000e-021  2.3300000e-021  3.0400000e-021  3.7500000e-021
  3.3219000e+002  1.6500000e-021  1.7500000e-021  2.0500000e-021  2.2100000e-021  2.9200000e-021  3.7400000e-021
  3.3224000e+002  1.6000000e-021  1.7100000e-021  1.9600000e-021  2.2100000e-021  2.9300000e-021  3.6100000e-021
  3.3229000e+002  1.4400000e-021  1.5200000e-021  1.8100000e-021  2.1300000e-021  2.5900000e-021  3.5200000e-021
  3.3233900e+002  1.3600000e-021  1.6300000e-021  1.7700000e-021  2.0500000e-021  2.4700000e-021  3.4400000e-021
  3.3238900e+002  1.3500000e-021  1.5000000e-021  1.6700000e-021  1.8300000e-021 -9.9900000e+000  3.3900000e-021
  3.3243900e+002  1.3700000e-021  1.4200000e-021  1.6900000e-021  1.8700000e-021 -9.9900000e+000  3.2800000e-021
