 300  1.15E-18  1.972E-20  30.901  13.42  300.16  26.54 
 300.03  1.142E-18  2.812E-20  30.686  13.327  300.17  26.198 
 300.06  1.13E-18  2.558E-20  30.363  13.186  300.19  25.833 
 300.09  1.087E-18  2.657E-20  29.208  12.685  300.2  25.381 
 300.12  1.034E-18  2.891E-20  27.784  12.066  300.22  24.892 
 300.15  1E-18  2.144E-20  26.87  11.669  300.24  24.377 
 300.18  9.531E-19  2.09E-20  25.61  11.122  300.25  23.85 
 300.21  9.268E-19  1.994E-20  24.903  10.815  300.27  23.312 
 300.24  9.08E-19  2.356E-20  24.398  10.596  300.29  22.758 
 300.27  8.696E-19  2.318E-20  23.366  10.148  300.31  22.192 
 300.3  8.243E-19  2.204E-20  22.149  9.619  300.33  21.611 
 300.33  7.85E-19  2.057E-20  21.093  9.161  300.35  21.021 
 300.36  7.487E-19  2.379E-20  20.118  8.737  300.38  20.419 
 300.39  7.505E-19  2.643E-20  20.166  8.758  300.4  19.795 
 300.42  7.242E-19  1.788E-20  19.459  8.451  300.43  19.164 
 300.45  6.434E-19  1.836E-20  17.288  7.508  300.45  18.53 
 300.48  6.121E-19  1.839E-20  16.447  7.143  300.48  17.868 
 300.51  6.308E-19  1.5E-20  16.95  7.361  300.51  17.185 
 300.54  5.843E-19  1.515E-20  15.7  6.818  300.54  16.511 
 300.57  5.635E-19  1.989E-20  15.141  6.576  300.57  15.865 
 300.6  5.156E-19  2.347E-20  13.854  6.017  300.6  15.25 
 300.63  4.681E-19  1.735E-20  12.578  5.463  300.63  14.671 
 300.66  4.888E-19  1.688E-20  13.134  5.704  300.66  14.12 
 300.69  4.831E-19  1.657E-20  12.981  5.638  300.69  13.596 
 300.72  4.828E-19  2.047E-20  12.973  5.634  300.72  13.102 
 300.75  4.398E-19  1.964E-20  11.817  5.132  300.75  12.63 
 300.78  4.098E-19  1.489E-20  11.011  4.782  300.78  12.184 
 300.81  4.033E-19  1.868E-20  10.837  4.706  300.81  11.758 
 300.84  4.132E-19  1.723E-20  11.103  4.822  300.84  11.36 
 300.87  4.084E-19  1.644E-20  10.974  4.766  300.87  10.984 
 300.9  4.01E-19  1.76E-20  10.775  4.68  300.9  10.624 
 300.93  3.827E-19  1.639E-20  10.283  4.466  300.93  10.277 
 300.96  3.623E-19  1.972E-20  9.735  4.228  300.96  9.941 
 300.99  3.595E-19  1.495E-20  9.66  4.195  300.99  9.625 
 301.02  3.289E-19  1.452E-20  8.838  3.838  301.02  9.326 
 301.05  3.354E-19  1.548E-20  9.012  3.914  301.05  9.038 
 301.08  3.466E-19  1.547E-20  9.313  4.045  301.08  8.761 
 301.11  3.081E-19  1.243E-20  8.279  3.596  301.11  8.506 
 301.14  2.787E-19  1.865E-20  7.489  3.252  301.14  8.269 
 301.17  2.712E-19  1.377E-20  7.287  3.165  301.17  8.044 
 301.2  2.783E-19  1.491E-20  7.478  3.248  301.2  7.849 
 301.23  2.508E-19  1.252E-20  6.739  2.927  301.23  7.686 
 301.26  2.491E-19  1.113E-20  6.693  2.907  301.26  7.56 
 301.29  2.447E-19  1.479E-20  6.575  2.855  301.29  7.458 
 301.32  2.683E-19  1.436E-20  7.209  3.131  301.32  7.394 
 301.35  2.385E-19  1.511E-20  6.408  2.783  301.35  7.367 
 301.38  2.305E-19  1.506E-20  6.194  2.69  301.38  7.378 
 301.41  2.3E-19  1.507E-20  6.18  2.684  301.41  7.449 
 301.44  1.809E-19  1.128E-20  4.861  2.111  301.44  7.578 
 301.47  2.496E-19  1.49E-20  6.707  2.913  301.47  7.779 
 301.5  2.277E-19  1.512E-20  6.118  2.657  301.5  8.037 
 301.53  2.607E-19  1.397E-20  7.005  3.042  301.53  8.379 
 301.56  2.254E-19  1.596E-20  6.056  2.63  301.56  8.777 
 301.59  2.48E-19  1.373E-20  6.664  2.894  301.59  9.254 
 301.62  2.528E-19  1.395E-20  6.793  2.95  301.62  9.796 
 301.65  3.084E-19  1.514E-20  8.287  3.599  301.65  10.396 
 301.68  3.732E-19  1.667E-20  10.028  4.355  301.68  11.049 
 301.71  3.471E-19  1.723E-20  9.327  4.051  301.71  11.753 
 301.74  3.813E-19  1.736E-20  10.246  4.45  301.74  12.486 
 301.77  4.198E-19  1.905E-20  11.28  4.899  301.77  13.235 
 301.8  4.484E-19  1.905E-20  12.049  5.233  301.8  14.017 
 301.83  4.833E-19  1.467E-20  12.986  5.64  301.83  14.826 
 301.86  5.303E-19  1.93E-20  14.249  6.188  301.86  15.627 
 301.89  6.511E-19  2.155E-20  17.495  7.598  301.89  16.431 
 301.92  6.693E-19  1.95E-20  17.984  7.81  301.92  17.211 
 301.95  7.899E-19  1.891E-20  21.225  9.218  301.95  17.939 
 301.98  8.619E-19  2.065E-20  23.159  10.058  301.98  18.6 
 302.01  8.454E-19  2.042E-20  22.716  9.865  302.01  19.196 
 302.04  9.096E-19  2.229E-20  24.441  10.615  302.04  19.689 
 302.07  9.327E-19  2.119E-20  25.062  10.884  302.07  20.083 
 302.1  9.179E-19  2.703E-20  24.664  10.711  302.1  20.395 
 302.13  9.188999E-19  2E-20  24.691  10.723  302.13  20.593 
 302.16  9.261E-19  1.707E-20  24.884  10.807  302.16  20.691 
 302.19  8.834E-19  2.206E-20  23.737  10.309  302.19  20.687 
 302.22  8.756E-19  1.868E-20  23.527  10.218  302.22  20.599 
 302.25  8.098E-19  1.81E-20  21.759  9.45  302.25  20.434 
 302.28  7.986E-19  1.906E-20  21.458  9.319  302.28  20.186 
 302.31  8.313E-19  2.28E-20  22.337  9.701  302.31  19.856 
 302.34  7.852E-19  2.076E-20  21.098  9.163  302.34  19.471 
 302.37  7.294E-19  1.646E-20  19.599  8.512  302.37  19.027 
 302.4  7.029E-19  1.777E-20  18.887  8.203  302.4  18.518 
 302.43  6.816E-19  1.674E-20  18.315  7.954  302.43  17.963 
 302.46  6.659E-19  1.992E-20  17.893  7.771  302.46  17.38 
 302.49  6.098E-19  1.763E-20  16.385  7.116  302.49  16.774 
 302.52  5.727E-19  1.791E-20  15.388  6.683  302.52  16.166 
 302.55  5.332E-19  1.433E-20  14.327  6.222  302.55  15.547 
 302.58  5.371E-19  1.943E-20  14.432  6.268  302.58  14.941 
 302.61  4.952E-19  1.784E-20  13.306  5.779  302.61  14.347 
 302.64  4.791E-19  1.687E-20  12.873  5.591  302.64  13.777 
 302.67  4.421E-19  1.51E-20  11.879  5.159  302.67  13.222 
 302.7  4.382E-19  2.022E-20  11.774  5.113  302.7  12.69 
 302.73  4.226E-19  1.574E-20  11.355  4.931  302.73  12.188 
 302.76  3.94E-19  1.335E-20  10.587  4.598  302.76  11.714 
 302.79  4.086E-19  1.752E-20  10.979  4.768  302.79  11.26 
 302.82  3.895E-19  1.727E-20  10.466  4.545  302.82  10.826 
 302.85  3.786E-19  1.441E-20  10.173  4.418  302.85  10.417 
 302.88  3.668E-19  1.45E-20  9.856  4.28  302.88  10.028 
 302.91  3.41E-19  1.477E-20  9.163  3.979  302.91  9.663 
 302.94  3.303E-19  1.45E-20  8.875  3.854  302.94  9.323 
 302.97  3.103E-19  1.484E-20  8.338  3.621  302.97  9.005 
 303  3.05E-19  1.555E-20  8.195  3.559  303  8.711 
 303.03  2.984E-19  1.666E-20  8.018  3.482  303.03  8.438 
 303.06  2.872E-19  1.437E-20  7.717  3.351  303.06  8.187 
 303.09  2.819E-19  1.626E-20  7.575  3.29  303.09  7.953 
 303.12  2.705E-19  1.442E-20  7.268  3.156  303.12  7.737 
 303.15  2.59E-19  1.489E-20  6.959  3.022  303.15  7.543 
 303.18  2.493E-19  1.33E-20  6.699  2.909  303.18  7.365 
 303.21  2.533E-19  1.436E-20  6.806  2.956  303.21  7.207 
 303.24  2.506E-19  1.521E-20  6.734  2.925  303.24  7.059 
 303.27  2.59E-19  1.372E-20  6.959  3.022  303.27  6.935 
 303.3  2.141E-19  1.367E-20  5.753  2.498  303.3  6.831 
 303.33  2.208E-19  1.491E-20  5.933  2.577  303.33  6.746 
 303.36  2.355E-19  1.526E-20  6.328  2.748  303.36  6.681 
 303.39  2.339E-19  1.216E-20  6.285  2.73  303.39  6.643 
 303.42  2.483E-19  1.293E-20  6.672  2.898  303.42  6.628 
 303.45  2.356E-19  1.123E-20  6.331  2.75  303.45  6.64 
 303.48  2.236E-19  1.791E-20  6.008  2.609  303.48  6.686 
 303.51  2.174E-19  1.431E-20  5.842  2.537  303.51  6.759 
 303.54  2.232E-19  1.342E-20  5.997  2.604  303.54  6.868 
 303.57  2.306E-19  1.54E-20  6.196  2.691  303.57  7.016 
 303.6  2.404E-19  1.471E-20  6.46  2.806  303.6  7.217 
 303.63  2.409E-19  1.427E-20  6.473  2.811  303.63  7.478 
 303.66  2.378E-19  1.272E-20  6.39  2.775  303.66  7.796 
 303.69  2.442E-19  1.594E-20  6.562  2.85  303.69  8.167 
 303.72  2.439E-19  1.85E-20  6.554  2.846  303.72  8.582 
 303.75  2.775E-19  1.561E-20  7.456  3.238  303.75  9.046 
 303.78  2.728E-19  1.592E-20  7.33  3.183  303.78  9.546 
 303.81  3.008E-19  1.513E-20  8.082  3.51  303.81  10.086 
 303.84  2.99E-19  1.455E-20  8.034  3.489  303.84  10.651 
 303.87  3.279E-19  1.563E-20  8.811  3.827  303.87  11.255 
 303.9  3.42E-19  1.72E-20  9.19  3.991  303.9  11.874 
 303.93  4.304E-19  1.874E-20  11.565  5.023  303.93  12.503 
 303.96  4.852E-19  1.82E-20  13.037  5.662  303.96  13.131 
 303.99  4.899E-19  2.033E-20  13.164  5.717  303.99  13.76 
 304.02  5E-19  2.142E-20  13.435  5.835  304.02  14.383 
 304.05  5.339E-19  2.061E-20  14.346  6.23  304.05  14.999 
 304.08  6.714E-19  2.053E-20  18.041  7.835  304.08  15.562 
 304.11  8.707E-19  1.792E-20  23.396  10.161  304.11  16.06 
 304.14  8.878E-19  2.107E-20  23.855  10.36  304.14  16.479 
 304.17  8.492E-19  2.146E-20  22.818  9.91  304.17  16.818 
 304.2  7.489E-19  1.599E-20  20.123  8.739  304.2  17.03 
 304.23  7.925E-19  2.17E-20  21.294  9.248  304.23  17.136 
 304.26  7.654E-19  2.066E-20  20.566  8.932  304.26  17.18 
 304.29  6.756E-19  1.905E-20  18.153  7.884  304.29  17.163 
 304.32  7.24E-19  2.19E-20  19.454  8.449  304.32  17.052 
 304.35  6.887E-19  1.772E-20  18.505  8.037  304.35  16.886 
 304.38  6.128E-19  1.974E-20  16.466  7.151  304.38  16.669 
 304.41  6.542E-19  1.598E-20  17.578  7.634  304.41  16.369 
 304.44  6.403E-19  2.147E-20  17.205  7.472  304.44  16.021 
 304.47  5.697E-19  1.832E-20  15.308  6.648  304.47  15.65 
 304.5  5.606E-19  1.717E-20  15.063  6.542  304.5  15.216 
 304.53  5.946E-19  1.879E-20  15.977  6.939  304.53  14.742 
 304.56  5.254E-19  1.588E-20  14.117  6.131  304.56  14.256 
 304.59  4.856E-19  1.698E-20  13.048  5.667  304.59  13.742 
 304.62  5.026E-19  1.831E-20  13.505  5.865  304.62  13.193 
 304.65  4.781E-19  1.678E-20  12.847  5.579  304.65  12.654 
 304.68  4.213E-19  1.5E-20  11.32  4.916  304.68  12.146 
 304.71  3.759E-19  1.631E-20  10.1  4.386  304.71  11.647 
 304.74  3.985E-19  1.7E-20  10.708  4.65  304.74  11.164 
 304.77  3.841E-19  1.321E-20  10.321  4.482  304.77  10.7 
 304.8  3.673E-19  1.32E-20  9.869  4.286  304.8  10.259 
 304.83  3.287E-19  1.535E-20  8.832  3.836  304.83  9.84 
 304.86  2.846E-19  1.443E-20  7.647  3.321  304.86  9.441 
 304.89  3.114E-19  1.447E-20  8.367  3.634  304.89  9.058 
 304.92  3.239E-19  1.306E-20  8.703  3.78  304.92  8.698 
 304.95  3.009E-19  1.375E-20  8.085  3.511  304.95  8.359 
 304.98  2.989E-19  1.78E-20  8.031  3.488  304.98  8.033 
 305.01  2.644E-19  1.558E-20  7.104  3.085  305.01  7.721 
 305.04  2.546E-19  1.521E-20  6.841  2.971  305.04  7.428 
 305.07  2.459E-19  1.305E-20  6.607  2.869  305.07  7.154 
 305.1  2.471E-19  1.152E-20  6.64  2.884  305.1  6.903 
 305.13  2.482E-19  1.122E-20  6.669  2.896  305.13  6.664 
 305.16  2.385E-19  1.237E-20  6.408  2.783  305.16  6.449 
 305.19  2.015E-19  1.069E-20  5.414  2.351  305.19  6.254 
 305.22  2.157E-19  1.287E-20  5.796  2.517  305.22  6.071 
 305.25  2.171E-19  1.32E-20  5.833  2.533  305.25  5.902 
 305.28  2.032E-19  1.119E-20  5.46  2.371  305.28  5.755 
 305.31  1.994E-19  1.288E-20  5.358  2.327  305.31  5.622 
 305.34  1.895E-19  1.273E-20  5.092  2.211  305.34  5.506 
 305.37  1.832E-19  1.195E-20  4.923  2.138  305.37  5.408 
 305.4  1.776E-19  1.247E-20  4.772  2.072  305.4  5.33 
 305.43  1.64E-19  1.067E-20  4.407  1.914  305.43  5.271 
 305.46  1.684E-19  8.73E-21  4.525  1.965  305.46  5.237 
 305.49  1.653E-19  1.061E-20  4.442  1.929  305.49  5.231 
 305.52  1.652E-19  1.155E-20  4.439  1.928  305.52  5.255 
 305.55  1.71E-19  1.025E-20  4.595  1.996  305.55  5.306 
 305.58  1.728E-19  9.304E-21  4.643  2.016  305.58  5.384 
 305.61  1.776E-19  1E-20  4.772  2.072  305.61  5.49 
 305.64  1.871E-19  1.075E-20  5.027  2.183  305.64  5.621 
 305.67  1.959E-19  1.039E-20  5.264  2.286  305.67  5.784 
 305.7  1.918E-19  7.999E-21  5.154  2.238  305.7  5.978 
 305.73  1.926E-19  1.057E-20  5.175  2.247  305.73  6.204 
 305.76  1.941E-19  1.068E-20  5.215  2.265  305.76  6.455 
 305.79  2.234E-19  1.022E-20  6.003  2.607  305.79  6.738 
 305.82  2.304E-19  1.115E-20  6.191  2.689  305.82  7.057 
 305.85  2.371E-19  1.072E-20  6.371  2.767  305.85  7.411 
 305.88  2.501E-19  1.088E-20  6.72  2.918  305.88  7.79 
 305.91  2.738E-19  1.204E-20  7.357  3.195  305.91  8.201 
 305.94  2.856E-19  1.149E-20  7.674  3.333  305.94  8.64 
 305.97  3.228E-19  1.167E-20  8.674  3.767  305.97  9.103 
 306  3.466E-19  1.419E-20  9.313  4.045  306  9.582 
 306.03  3.662E-19  1.257E-20  9.84  4.273  306.03  10.078 
 306.06  3.66E-19  1.225E-20  9.834  4.271  306.06  10.582 
 306.09  3.858E-19  1.193E-20  10.366  4.502  306.09  11.093 
 306.12  4.207E-19  1.232E-20  11.304  4.909  306.12  11.598 
 306.15  4.709E-19  1.169E-20  12.653  5.495  306.15  12.098 
 306.18  4.822E-19  1.267E-20  12.957  5.627  306.18  12.575 
 306.21  5.084E-19  1.036E-20  13.661  5.933  306.21  13.028 
 306.24  4.931E-19  1.291E-20  13.25  5.754  306.24  13.457 
 306.27  5.144E-19  1.36E-20  13.822  6.003  306.27  13.848 
 306.3  5.992E-19  1.308E-20  16.101  6.993  306.3  14.192 
 306.33  6.141E-19  1.377E-20  16.501  7.166  306.33  14.498 
 306.36  6.141E-19  1.395E-20  16.501  7.166  306.36  14.755 
 306.39  6.343E-19  1.188E-20  17.044  7.402  306.39  14.942 
 306.42  6.57E-19  1.388E-20  17.654  7.667  306.42  15.075 
 306.45  6.742E-19  1.101E-20  18.116  7.868  306.45  15.14 
 306.48  7.169E-19  1.1E-20  19.263  8.366  306.48  15.134 
 306.51  6.863E-19  1.644E-20  18.441  8.009  306.51  15.061 
 306.54  6.555E-19  1.272E-20  17.613  7.649  306.54  14.924 
 306.57  6.373E-19  1.439E-20  17.124  7.437  306.57  14.718 
 306.6  6.147E-19  1.197E-20  16.517  7.173  306.6  14.451 
 306.63  6.004E-19  1.192E-20  16.133  7.006  306.63  14.137 
 306.66  5.275E-19  1.159E-20  14.174  6.156  306.66  13.782 
 306.69  4.882E-19  1.242E-20  13.118  5.697  306.69  13.397 
 306.72  4.546E-19  1.412E-20  12.215  5.305  306.72  12.99 
 306.75  4.421E-19  1.369E-20  11.879  5.159  306.75  12.568 
 306.78  4.503E-19  1.112E-20  12.1  5.255  306.78  12.133 
 306.81  4.019E-19  1.301E-20  10.799  4.69  306.81  11.695 
 306.84  3.605E-19  1.225E-20  9.687  4.207  306.84  11.257 
 306.87  3.504E-19  9.355E-21  9.415  4.089  306.87  10.82 
 306.9  3.513E-19  1.209E-20  9.439  4.099  306.9  10.391 
 306.93  3.519E-19  1.055E-20  9.456  4.107  306.93  9.983 
 306.96  3.198E-19  1.25E-20  8.593  3.732  306.96  9.588 
 306.99  3.259E-19  1.197E-20  8.757  3.803  306.99  9.205 
 307.02  3.141E-19  1.026E-20  8.44  3.665  307.02  8.844 
 307.05  2.88E-19  1.117E-20  7.739  3.361  307.05  8.513 
 307.08  2.886E-19  1.134E-20  7.755  3.368  307.08  8.198 
 307.11  2.91E-19  1.106E-20  7.819  3.396  307.11  7.903 
 307.14  2.804E-19  1.025E-20  7.534  3.272  307.14  7.634 
 307.17  2.626E-19  1.225E-20  7.056  3.064  307.17  7.388 
 307.2  2.594E-19  9.947E-21  6.97  3.027  307.2  7.154 
 307.23  2.681E-19  9.822E-21  7.204  3.129  307.23  6.935 
 307.26  2.485E-19  1.029E-20  6.677  2.9  307.26  6.729 
 307.29  2.361E-19  1.04E-20  6.344  2.755  307.29  6.537 
 307.32  2.13E-19  1.299E-20  5.723  2.485  307.32  6.359 
 307.35  2.112E-19  1.067E-20  5.675  2.465  307.35  6.195 
 307.38  2.171E-19  1.003E-20  5.833  2.533  307.38  6.042 
 307.41  2.052E-19  1.118E-20  5.514  2.395  307.41  5.904 
 307.44  1.925E-19  1.063E-20  5.172  2.246  307.44  5.778 
 307.47  1.925E-19  1.022E-20  5.172  2.246  307.47  5.659 
 307.5  1.962E-19  9.853E-21  5.272  2.29  307.5  5.556 
 307.53  1.834E-19  1.164E-20  4.928  2.14  307.53  5.461 
 307.56  1.953E-19  1.043E-20  5.248  2.279  307.56  5.387 
 307.59  1.619E-19  1.284E-20  4.35  1.889  307.59  5.321 
 307.62  1.971E-19  9.659E-21  5.296  2.3  307.62  5.271 
 307.65  1.821E-19  1.091E-20  4.893  2.125  307.65  5.237 
 307.68  1.792E-19  1.154E-20  4.815  2.091  307.68  5.226 
 307.71  1.92E-19  7.406E-21  5.159  2.241  307.71  5.22 
 307.74  1.981E-19  8.542E-21  5.323  2.312  307.74  5.236 
 307.77  1.778E-19  1.041E-20  4.777  2.075  307.77  5.261 
 307.8  2.068E-19  1.026E-20  5.557  2.413  307.8  5.294 
 307.83  1.893E-19  1.115E-20  5.086  2.209  307.83  5.335 
 307.86  1.891E-19  1.085E-20  5.081  2.207  307.86  5.396 
 307.89  1.736E-19  1.067E-20  4.665  2.026  307.89  5.465 
 307.92  1.847E-19  8.337E-21  4.963  2.155  307.92  5.556 
 307.95  1.844E-19  1.005E-20  4.955  2.152  307.95  5.67 
 307.98  1.816E-19  1.049E-20  4.88  2.119  307.98  5.81 
 308.01  1.964E-19  8.306E-21  5.277  2.292  308.01  5.972 
 308.04  2.058E-19  1.068E-20  5.53  2.402  308.04  6.165 
 308.07  2.081E-19  1.096E-20  5.592  2.429  308.07  6.388 
 308.1  2.339E-19  9.082E-21  6.285  2.73  308.1  6.634 
 308.13  2.59E-19  1.248E-20  6.959  3.022  308.13  6.906 
 308.16  2.598E-19  9.446E-21  6.981  3.032  308.16  7.199 
 308.19  2.873E-19  9.617E-21  7.72  3.353  308.19  7.497 
 308.22  2.74E-19  8.11E-21  7.362  3.197  308.22  7.799 
 308.25  2.647E-19  1.152E-20  7.112  3.089  308.25  8.118 
 308.28  2.375E-19  1.073E-20  6.382  2.772  308.28  8.441 
 308.31  2.696E-19  1.059E-20  7.244  3.146  308.31  8.781 
 308.34  2.72E-19  1.269E-20  7.309  3.174  308.34  9.127 
 308.37  3.282E-19  1.081E-20  8.819  3.83  308.37  9.484 
 308.4  3.523E-19  1.227E-20  9.466  4.111  308.4  9.831 
 308.43  3.924E-19  1.219E-20  10.544  4.579  308.43  10.167 
 308.46  4.142E-19  1.004E-20  11.13  4.834  308.46  10.482 
 308.49  4.366E-19  9.908E-21  11.731  5.095  308.49  10.767 
 308.52  4.945E-19  1.297E-20  13.287  5.77  308.52  11.014 
 308.55  5.126E-19  1.209E-20  13.774  5.982  308.55  11.217 
 308.58  5.474E-19  1.188E-20  14.709  6.388  308.58  11.367 
 308.61  5.63E-19  1.146E-20  15.128  6.57  308.61  11.451 
 308.64  5.384E-19  1.18E-20  14.467  6.283  308.64  11.488 
 308.66  5.108E-19  1.175E-20  13.725  5.961  308.66  11.463 
 308.7  5.18E-19  1.213E-20  13.919  6.045  308.7  11.38 
 308.73  4.765E-19  1.273E-20  12.804  5.561  308.73  11.241 
 308.76  4.44E-19  1.299E-20  11.93  5.181  308.76  11.098 
 308.79  4.373E-19  1.201E-20  11.75  5.103  308.79  10.894 
 308.82  4.19E-19  1.187E-20  11.259  4.89  308.82  10.66 
 308.85  3.9E-19  1.05E-20  10.479  4.551  308.85  10.395 
 308.88  3.786E-19  9.923E-21  10.173  4.418  308.88  10.101 
 308.91  3.553E-19  1.112E-20  9.547  4.146  308.91  9.783 
 308.94  3.443E-19  1.092E-20  9.251  4.018  308.94  9.449 
 308.97  3.23E-19  1.144E-20  8.679  3.769  308.97  9.104 
 309  3.05E-19  1.022E-20  8.195  3.559  309  8.754 
 309.03  2.922E-19  1.114E-20  7.851  3.41  309.03  8.402 
 309.06  2.734E-19  9.47E-21  7.346  3.19  309.06  8.058 
 309.09  2.578E-19  7.41E-21  6.927  3.008  309.09  7.727 
 309.12  2.504E-19  1.239E-20  6.728  2.922  309.12  7.411 
 309.15  2.456E-19  1.25E-20  6.599  2.866  309.15  7.117 
 309.18  2.362E-19  9.5E-21  6.347  2.756  309.18  6.844 
 309.21  2.272E-19  8.865E-21  6.105  2.651  309.21  6.603 
 309.24  2.103E-19  9.952E-21  5.651  2.454  309.24  6.376 
 309.27  2.101E-19  1.304E-20  5.645  2.452  309.27  6.173 
 309.3  2.033E-19  1.092E-20  5.463  2.373  309.3  5.985 
 309.33  2.139E-19  1.09E-20  5.747  2.496  309.33  5.819 
 309.36  1.876E-19  1.011E-20  5.041  2.189  309.36  5.67 
 309.39  1.87E-19  1.087E-20  5.025  2.182  309.39  5.542 
 309.42  1.765E-19  8.101E-21  4.743  2.06  309.42  5.423 
 309.45  1.852E-19  1.078E-20  4.976  2.161  309.45  5.326 
 309.48  1.673E-19  1.323E-20  4.495  1.952  309.48  5.246 
 309.51  1.77E-19  8.874E-21  4.756  2.066  309.51  5.178 
 309.54  1.875E-19  1.023E-20  5.038  2.188  309.54  5.119 
 309.57  1.802E-19  1.072E-20  4.842  2.103  309.57  5.077 
 309.6  1.751E-19  1.12E-20  4.705  2.043  309.6  5.045 
 309.63  1.8E-19  1.219E-20  4.837  2.101  309.63  5.024 
 309.66  1.807E-19  1.13E-20  4.855  2.108  309.66  5.009 
 309.69  2.013E-19  9.477E-21  5.409  2.349  309.69  5.003 
 309.72  1.919E-19  1.008E-20  5.156  2.239  309.72  5.002 
 309.75  1.929E-19  1.053E-20  5.183  2.251  309.75  5.007 
 309.78  1.852E-19  9.71E-21  4.976  2.161  309.78  5.011 
 309.81  1.856E-19  7.099E-21  4.987  2.166  309.81  5.021 
 309.84  1.863E-19  9.339E-21  5.006  2.174  309.84  5.032 
 309.87  1.86E-19  8.802E-21  4.998  2.171  309.87  5.049 
 309.9  1.812E-19  1.036E-20  4.869  2.115  309.9  5.068 
 309.93  1.792E-19  1.003E-20  4.815  2.091  309.93  5.091 
 309.96  1.742E-19  1.098E-20  4.681  2.033  309.96  5.121 
 309.99  1.741E-19  1.031E-20  4.678  2.032  309.99  5.162 
 310.02  1.758E-19  1.01E-20  4.724  2.052  310.02  5.217 
 310.05  1.862E-19  1.066E-20  5.003  2.173  310.05  5.282 
 310.08  2.05E-19  1.093E-20  5.508  2.392  310.08  5.358 
 310.11  2.118E-19  9.974E-21  5.691  2.472  310.11  5.444 
 310.14  2.128E-19  1.136E-20  5.718  2.483  310.14  5.541 
 310.17  2.04E-19  1.056E-20  5.481  2.38  310.17  5.649 
 310.2  2.038E-19  7.492E-21  5.476  2.378  310.2  5.765 
 310.23  2.142E-19  6.19E-21  5.756  2.5  310.23  5.896 
 310.26  2.006E-19  7.746E-21  5.39  2.341  310.26  6.038 
 310.29  2.123E-19  7.171E-21  5.705  2.478  310.29  6.19 
 310.32  2.061E-19  7.715E-21  5.538  2.405  310.32  6.348 
 310.35  2.03E-19  9.193E-21  5.455  2.369  310.35  6.518 
 310.38  2.047E-19  7.25E-21  5.5  2.389  310.38  6.693 
 310.41  2.126E-19  6.316E-21  5.713  2.481  310.41  6.879 
 310.44  2.268E-19  6.751E-21  6.094  2.647  310.44  7.066 
 310.47  2.73E-19  8.926E-21  7.336  3.186  310.47  7.252 
 310.5  2.913E-19  8.11E-21  7.827  3.399  310.5  7.432 
 310.53  3.073E-19  5.313E-21  8.257  3.586  310.53  7.605 
 310.56  3.13E-19  5.728E-21  8.41  3.652  310.56  7.758 
 310.59  3.336E-19  6.509E-21  8.964  3.893  310.59  7.895 
 310.62  3.483E-19  6.704E-21  9.359  4.065  310.62  8.011 
 310.65  3.756E-19  6.797E-21  10.092  4.383  310.65  8.103 
 310.68  3.833E-19  7.931E-21  10.299  4.473  310.68  8.165 
 310.71  3.796E-19  6.255E-21  10.2  4.43  310.71  8.199 
 310.74  3.566E-19  6.064E-21  9.582  4.161  310.74  8.202 
 310.77  3.408E-19  5.119E-21  9.157  3.977  310.77  8.178 
 310.8  3.326E-19  5.139E-21  8.937  3.881  310.8  8.127 
 310.83  3.158E-19  5.294E-21  8.486  3.685  310.83  8.056 
 310.86  2.984E-19  3.966E-21  8.018  3.482  310.86  7.965 
 310.89  2.822E-19  5.496E-21  7.583  3.293  310.89  7.856 
 310.92  2.67E-19  5.523E-21  7.174  3.116  310.92  7.738 
 310.95  2.605E-19  6.051E-21  7  3.04  310.95  7.604 
 310.98  2.79E-19  5.566E-21  7.497  3.256  310.98  7.455 
 311.01  2.751E-19  4.626E-21  7.392  3.21  311.01  7.298 
 311.04  2.663E-19  4.42E-21  7.155  3.107  311.04  7.133 
 311.07  2.633E-19  5.385E-21  7.075  3.073  311.07  6.952 
 311.1  2.612E-19  5.261E-21  7.018  3.048  311.1  6.766 
 311.13  2.386E-19  4.284E-21  6.411  2.784  311.13  6.576 
 311.16  2.337E-19  5.431E-21  6.28  2.727  311.16  6.385 
 311.19  2.286E-19  4.98E-21  6.142  2.667  311.19  6.194 
 311.22  2.341E-19  3.491E-21  6.29  2.732  311.22  6.008 
 311.25  2.316E-19  5.475E-21  6.223  2.703  311.25  5.824 
 311.28  2.211E-19  4.039E-21  5.941  2.58  311.28  5.644 
 311.31  2.023E-19  4.966E-21  5.436  2.361  311.31  5.466 
 311.34  1.912E-19  4.299E-21  5.138  2.231  311.34  5.291 
 311.37  1.853E-19  3.497E-21  4.979  2.162  311.37  5.121 
 311.4  1.829E-19  4.01E-21  4.915  2.135  311.4  4.955 
 311.43  1.801E-19  4.641E-21  4.839  2.102  311.43  4.796 
 311.46  1.563E-19  4.377E-21  4.2  1.824  311.46  4.645 
 311.49  1.48E-19  5.085E-21  3.977  1.727  311.49  4.5 
 311.52  1.515E-19  3.836E-21  4.071  1.768  311.52  4.361 
 311.55  1.494E-19  4.275E-21  4.014  1.743  311.55  4.234 
 311.58  1.386E-19  4.217E-21  3.724  1.617  311.58  4.12 
 311.61  1.284E-19  4.506E-21  3.45  1.498  311.61  4.017 
 311.64  1.231E-19  3.734E-21  3.308  1.437  311.64  3.925 
 311.67  1.317E-19  2.807E-21  3.539  1.537  311.67  3.843 
 311.7  1.29E-19  3.978E-21  3.466  1.505  311.7  3.773 
 311.73  1.241E-19  4.12E-21  3.335  1.448  311.73  3.714 
 311.76  1.226E-19  3.64E-21  3.294  1.431  311.76  3.662 
 311.79  1.214E-19  3.806E-21  3.262  1.417  311.79  3.622 
 311.82  1.163E-19  3.872E-21  3.125  1.357  311.82  3.592 
 311.85  1.222E-19  3.051E-21  3.284  1.426  311.85  3.571 
 311.88  1.259E-19  4.018E-21  3.383  1.469  311.88  3.557 
 311.91  1.322E-19  4.263E-21  3.552  1.543  311.91  3.552 
 311.94  1.315E-19  4.08E-21  3.533  1.534  311.94  3.552 
 311.97  1.375E-19  3.292E-21  3.695  1.605  311.97  3.554 
 312  1.477E-19  3.451E-21  3.969  1.724  312  3.558 
 312.03  1.368E-19  4.466E-21  3.676  1.596  312.03  3.566 
 312.06  1.346E-19  4.321E-21  3.617  1.571  312.06  3.575 
 312.09  1.423E-19  4.27E-21  3.824  1.661  312.09  3.584 
 312.12  1.395E-19  3.534E-21  3.748  1.628  312.12  3.597 
 312.15  1.338E-19  3.491E-21  3.595  1.561  312.15  3.613 
 312.18  1.313E-19  3.626E-21  3.528  1.532  312.18  3.627 
 312.21  1.354E-19  3.403E-21  3.638  1.58  312.21  3.641 
 312.24  1.363E-19  3.862E-21  3.662  1.59  312.24  3.657 
 312.27  1.285E-19  3.694E-21  3.453  1.5  312.27  3.676 
 312.3  1.249E-19  3.576E-21  3.356  1.457  312.3  3.699 
 312.33  1.255E-19  4.314E-21  3.372  1.464  312.33  3.727 
 312.36  1.307E-19  4.456E-21  3.512  1.525  312.36  3.761 
 312.39  1.368E-19  3.531E-21  3.676  1.596  312.39  3.801 
 312.42  1.357E-19  3.955E-21  3.646  1.583  312.42  3.848 
 312.45  1.351E-19  3.892E-21  3.63  1.576  312.45  3.903 
 312.48  1.399E-19  3.598E-21  3.759  1.633  312.48  3.964 
 312.51  1.495E-19  4.388E-21  4.017  1.745  312.51  4.036 
 312.54  1.487E-19  4.295E-21  3.996  1.735  312.54  4.118 
 312.57  1.597E-19  3.886E-21  4.291  1.864  312.57  4.207 
 312.6  1.63E-19  3.823E-21  4.38  1.902  312.6  4.302 
 312.63  1.595E-19  4.034E-21  4.286  1.861  312.63  4.405 
 312.66  1.492E-19  4.752E-21  4.009  1.741  312.66  4.512 
 312.69  1.516E-19  3.625E-21  4.073  1.769  312.69  4.623 
 312.72  1.512E-19  4.654E-21  4.063  1.765  312.72  4.744 
 312.75  1.488E-19  4.218E-21  3.998  1.736  312.75  4.873 
 312.78  1.721E-19  4.613E-21  4.624  2.008  312.78  5.004 
 312.81  1.889E-19  3.447E-21  5.076  2.204  312.81  5.135 
 312.84  1.987E-19  3.759E-21  5.339  2.319  312.84  5.265 
 312.87  2.014E-19  4.913E-21  5.412  2.35  312.87  5.389 
 312.9  2.066E-19  5.316E-21  5.551  2.411  312.9  5.501 
 312.93  2.238E-19  5.577E-21  6.014  2.612  312.93  5.604 
 312.96  2.271E-19  4.316E-21  6.102  2.65  312.96  5.697 
 312.99  2.429E-19  4.711E-21  6.527  2.835  312.99  5.776 
 313.02  2.585E-19  4.571E-21  6.946  3.017  313.02  5.833 
 313.05  2.719E-19  4.703E-21  7.306  3.173  313.05  5.87 
 313.08  2.648E-19  4.822E-21  7.115  3.09  313.08  5.883 
 313.11  2.605E-19  4.675E-21  7  3.04  313.11  5.871 
 313.14  2.515E-19  5.493E-21  6.758  2.935  313.14  5.838 
 313.17  2.347E-19  4.731E-21  6.306  2.739  313.17  5.784 
 313.2  2.4E-19  4.925E-21  6.449  2.801  313.2  5.711 
 313.23  2.225E-19  5.42E-21  5.979  2.597  313.23  5.621 
 313.26  2.237E-19  5.119E-21  6.011  2.611  313.26  5.515 
 313.29  2.174E-19  4.525E-21  5.842  2.537  313.29  5.393 
 313.32  2.062E-19  4.823E-21  5.541  2.406  313.32  5.261 
 313.35  1.929E-19  4.313E-21  5.183  2.251  313.35  5.117 
 313.38  1.843E-19  5.77E-21  4.952  2.151  313.38  4.968 
 313.41  1.742E-19  4.665E-21  4.681  2.033  313.41  4.813 
 313.44  1.672E-19  3.978E-21  4.493  1.951  313.44  4.655 
 313.47  1.604E-19  4.442E-21  4.31  1.872  313.47  4.495 
 313.5  1.481E-19  4.483E-21  3.979  1.728  313.5  4.337 
 313.53  1.372E-19  4.677E-21  3.687  1.601  313.53  4.182 
 313.56  1.298E-19  3.711E-21  3.488  1.515  313.56  4.032 
 313.59  1.286E-19  4.666E-21  3.455  1.5  313.59  3.891 
 313.62  1.248E-19  3.58E-21  3.353  1.456  313.62  3.759 
 313.65  1.182E-19  3.254E-21  3.176  1.379  313.65  3.638 
 313.68  1.098E-19  3.971E-21  2.95  1.281  313.68  3.525 
 313.71  1.081E-19  3.438E-21  2.905  1.262  313.71  3.424 
 313.74  1.054E-19  3.441E-21  2.832  1.23  313.74  3.331 
 313.77  1.289E-19  3.242E-21  3.464  1.504  313.77  3.244 
 313.8  1.317E-19  3.933E-21  3.539  1.537  313.8  3.164 
 313.83  1.247E-19  4.232E-21  3.351  1.455  313.83  3.089 
 313.86  1.228E-19  3.897E-21  3.3  1.433  313.86  3.014 
 313.89  1.144E-19  4.444E-21  3.074  1.335  313.89  2.942 
 313.92  1.064E-19  3.758E-21  2.859  1.242  313.92  2.875 
 313.95  1.056E-19  2.986E-21  2.837  1.232  313.95  2.811 
 313.98  1.02E-19  4.305E-21  2.741  1.19  313.98  2.753 
 314.01  9.303E-20  3.304E-21  2.5  1.086  314.01  2.702 
 314.04  9.191E-20  3.842E-21  2.47  1.073  314.04  2.658 
 314.07  8.806E-20  3.405E-21  2.366  1.028  314.07  2.621 
 314.1  9.136E-20  3.948E-21  2.455  1.066  314.1  2.59 
 314.13  9.503E-20  3.218E-21  2.553  1.109  314.13  2.561 
 314.16  9.004E-20  3.672E-21  2.419  1.051  314.16  2.539 
 314.19  7.347E-20  3.513E-21  1.974  .857  314.19  2.524 
 314.22  7.591E-20  3.452E-21  2.04  .886  314.22  2.511 
 314.25  8.139E-20  3.48E-21  2.187  .95  314.25  2.505 
 314.28  7.831E-20  3.539E-21  2.104  .914  314.28  2.508 
 314.31  8.283E-20  3.355E-21  2.226  .967  314.31  2.518 
 314.34  8.969E-20  3.412E-21  2.41  1.047  314.34  2.534 
 314.37  9.186E-20  4.289E-21  2.468  1.072  314.37  2.556 
 314.4  8.775E-20  3.433E-21  2.358  1.024  314.4  2.585 
 314.43  8.388E-20  3.926E-21  2.254  .979  314.43  2.619 
 314.46  9.553E-20  3.761E-21  2.567  1.115  314.46  2.655 
 314.49  1.06E-19  3.124E-21  2.848  1.237  314.49  2.694 
 314.52  1.088E-19  3.817E-21  2.923  1.269  314.52  2.735 
 314.55  1.16E-19  4.424E-21  3.117  1.354  314.55  2.774 
 314.58  1.132E-19  3.679E-21  3.042  1.321  314.58  2.808 
 314.61  1.148E-19  3.753E-21  3.085  1.34  314.61  2.841 
 314.64  1.062E-19  4.773E-21  2.854  1.239  314.64  2.873 
 314.67  1.07E-19  4.544E-21  2.875  1.249  314.67  2.905 
 314.7  1.112E-19  3.837E-21  2.988  1.298  314.7  2.939 
 314.73  1.138E-19  4.39E-21  3.058  1.328  314.73  2.975 
 314.76  1.169E-19  4.381E-21  3.141  1.364  314.76  3.012 
 314.79  1.183E-19  4.425E-21  3.179  1.381  314.79  3.048 
 314.82  1.264E-19  3.95E-21  3.396  1.475  314.82  3.08 
 314.85  1.251E-19  4.161E-21  3.361  1.46  314.85  3.109 
 314.88  1.165E-19  4.881E-21  3.13  1.359  314.88  3.136 
 314.91  1.076E-19  3.771E-21  2.891  1.256  314.91  3.162 
 314.94  1.06E-19  4.219E-21  2.848  1.237  314.94  3.188 
 314.97  1.112E-19  3.379E-21  2.988  1.298  314.97  3.212 
 315  1.141E-19  2.788E-21  3.066  1.332  315  3.238 
 315.03  1.075E-19  3.773E-21  2.889  1.255  315.03  3.265 
 315.06  1.104E-19  3.599E-21  2.966  1.288  315.06  3.294 
 315.09  1.136E-19  4.504E-21  3.052  1.325  315.09  3.323 
 315.12  1.165E-19  3.421E-21  3.13  1.359  315.12  3.358 
 315.15  1.227E-19  4.233E-21  3.297  1.432  315.15  3.394 
 315.18  1.427E-19  3.829E-21  3.834  1.665  315.18  3.428 
 315.21  1.512E-19  3.855E-21  4.063  1.765  315.21  3.459 
 315.24  1.513E-19  3.546E-21  4.065  1.765  315.24  3.488 
 315.27  1.495E-19  4.723E-21  4.017  1.745  315.27  3.51 
 315.3  1.472E-19  4.126E-21  3.955  1.718  315.3  3.523 
 315.33  1.435E-19  3.846E-21  3.856  1.675  315.33  3.535 
 315.36  1.256E-19  3.458E-21  3.375  1.466  315.36  3.544 
 315.39  1.333E-19  3.454E-21  3.582  1.556  315.39  3.548 
 315.42  1.322E-19  3.464E-21  3.552  1.543  315.42  3.548 
 315.45  1.281E-19  4.05E-21  3.442  1.495  315.45  3.55 
 315.48  1.205E-19  3.275E-21  3.238  1.406  315.48  3.547 
 315.51  1.233E-19  3.886E-21  3.313  1.439  315.51  3.538 
 315.54  1.313E-19  3.121E-21  3.528  1.532  315.54  3.525 
 315.57  1.293E-19  3.585E-21  3.474  1.509  315.57  3.511 
 315.6  1.239E-19  3.424E-21  3.329  1.446  315.6  3.492 
 315.63  1.285E-19  3.28E-21  3.453  1.5  315.63  3.467 
 315.66  1.363E-19  3.644E-21  3.662  1.59  315.66  3.435 
 315.69  1.45E-19  3.399E-21  3.896  1.692  315.69  3.401 
 315.72  1.431E-19  3.858E-21  3.845  1.67  315.72  3.358 
 315.75  1.483E-19  4.04E-21  3.985  1.731  315.75  3.308 
 315.78  1.421E-19  3.787E-21  3.818  1.658  315.78  3.25 
 315.81  1.311E-19  3.885E-21  3.523  1.53  315.81  3.187 
 315.84  1.241E-19  4.183E-21  3.335  1.448  315.84  3.121 
 315.87  1.1E-19  3.646E-21  2.956  1.284  315.87  3.052 
 315.9  1.097E-19  3.968E-21  2.948  1.28  315.9  2.982 
 315.93  1.09E-19  3.937E-21  2.929  1.272  315.93  2.91 
 315.96  1.044E-19  3.44E-21  2.805  1.218  315.96  2.84 
 315.99  9.462E-20  4.698E-21  2.542  1.104  315.99  2.771 
 316.02  9.266E-20  3.516E-21  2.49  1.081  316.02  2.701 
 316.05  9.387E-20  3.823E-21  2.522  1.095  316.05  2.63 
 316.08  8.84E-20  3.271E-21  2.375  1.031  316.08  2.566 
 316.11  7.795E-20  3.916E-21  2.095  .91  316.11  2.506 
 316.14  8.383E-20  2.803E-21  2.253  .978  316.14  2.449 
 316.17  8.808E-20  3.233E-21  2.367  1.028  316.17  2.396 
 316.2  8.198E-20  3.401E-21  2.203  .957  316.2  2.351 
 316.23  7.532E-20  3.768E-21  2.024  .879  316.23  2.312 
 316.26  7.545E-20  3.292E-21  2.027  .88  316.26  2.278 
 316.29  7.579E-20  3.48E-21  2.036  .884  316.29  2.253 
 316.32  7.58E-20  3.467E-21  2.037  .885  316.32  2.236 
 316.35  8.005E-20  3.003E-21  2.151  .934  316.35  2.225 
 316.38  7.577E-20  3.542E-21  2.036  .884  316.38  2.221 
 316.41  7.352E-20  3.215E-21  1.975  .858  316.41  2.221 
 316.44  7.6E-20  3.425E-21  2.042  .887  316.44  2.224 
 316.47  7.639E-20  3.79E-21  2.053  .892  316.47  2.234 
 316.5  7.519E-20  3.789E-21  2.02  .877  316.5  2.248 
 316.53  8.019E-20  2.806E-21  2.155  .936  316.53  2.265 
 316.56  8.114E-20  3.185E-21  2.18  .947  316.56  2.285 
 316.59  8.532E-20  3.791E-21  2.293  .996  316.59  2.309 
 316.62  9.209E-20  3.545E-21  2.474  1.074  316.62  2.333 
 316.65  9.932E-20  3.674E-21  2.669  1.159  316.65  2.355 
 316.68  9.925E-20  3.478E-21  2.667  1.158  316.68  2.377 
 316.71  9.567E-20  3.796E-21  2.571  1.117  316.71  2.398 
 316.74  9.14E-20  3.07E-21  2.456  1.067  316.74  2.419 
 316.77  9.214E-20  3.43E-21  2.476  1.075  316.77  2.439 
 316.8  9.376E-20  3.26E-21  2.519  1.094  316.8  2.456 
 316.83  9.624E-20  3.446E-21  2.586  1.123  316.83  2.474 
 316.86  8.965E-20  4.02E-21  2.409  1.046  316.86  2.491 
 316.89  8.815E-20  3.241E-21  2.369  1.029  316.89  2.507 
 316.92  9.262E-20  3.868E-21  2.489  1.081  316.92  2.519 
 316.95  9.719E-20  2.164E-21  2.611  1.134  316.95  2.53 
 316.98  9.279E-20  2.983E-21  2.493  1.083  316.98  2.541 
 317.01  8.994E-20  3.695E-21  2.417  1.05  317.01  2.548 
 317.04  9.52E-20  3.608E-21  2.558  1.111  317.04  2.551 
 317.07  9.364E-20  4.072E-21  2.516  1.093  317.07  2.553 
 317.1  9.429E-20  2.942E-21  2.534  1.101  317.1  2.554 
 317.13  9.801E-20  3.788E-21  2.634  1.144  317.13  2.551 
 317.16  1.001E-19  4.1E-21  2.69  1.168  317.16  2.546 
 317.19  1.047E-19  3.823E-21  2.813  1.222  317.19  2.54 
 317.22  1.054E-19  3.279E-21  2.832  1.23  317.22  2.53 
 317.25  1.087E-19  2.965E-21  2.921  1.269  317.25  2.518 
 317.28  9.971E-20  3.36E-21  2.679  1.163  317.28  2.502 
 317.31  9.698E-20  3.067E-21  2.606  1.132  317.31  2.481 
 317.34  9.763E-20  4.4E-21  2.623  1.139  317.34  2.458 
 317.37  8.782E-20  3.256E-21  2.36  1.025  317.37  2.436 
 317.4  8.424E-20  3.051E-21  2.264  .983  317.4  2.414 
 317.43  8.754E-20  3.972E-21  2.352  1.021  317.43  2.39 
 317.46  8.561E-20  3.737E-21  2.3  .999  317.46  2.368 
 317.49  8.45E-20  3.329E-21  2.271  .986  317.49  2.347 
 317.52  8.157E-20  3.152E-21  2.192  .952  317.52  2.326 
 317.55  8.033E-20  3.411E-21  2.158  .937  317.55  2.309 
 317.58  7.716E-20  3.256E-21  2.073  .9  317.58  2.296 
 317.61  7.863E-20  3.737E-21  2.113  .918  317.61  2.286 
 317.64  7.884E-20  3.546E-21  2.118  .92  317.64  2.28 
 317.67  8.116E-20  4.077E-21  2.181  .947  317.67  2.277 
 317.7  8.491E-20  3.302E-21  2.282  .991  317.7  2.275 
 317.73  8.435E-20  4.261E-21  2.266  .984  317.73  2.276 
 317.76  8.064E-20  3.139E-21  2.167  .941  317.76  2.279 
 317.79  7.964E-20  2.778E-21  2.14  .929  317.79  2.283 
 317.82  8.029E-20  3.65E-21  2.157  .937  317.82  2.289 
 317.85  8.109E-20  3.81E-21  2.179  .946  317.85  2.297 
 317.88  8.468E-20  3.744E-21  2.275  .988  317.88  2.305 
 317.91  8.26E-20  3.83E-21  2.219  .964  317.91  2.315 
 317.94  8.113E-20  3.166E-21  2.18  .947  317.94  2.324 
 317.97  8.487E-20  3.748E-21  2.28  .99  317.97  2.333 
 318  8.573E-20  2.646E-21  2.304  1.001  318  2.342 
 318.03  9.775E-20  3.958E-21  2.627  1.141  318.03  2.347 
 318.06  1.072E-19  4.177E-21  2.88  1.251  318.06  2.347 
 318.09  1.051E-19  3.579E-21  2.824  1.226  318.09  2.342 
 318.12  1.02E-19  3.243E-21  2.741  1.19  318.12  2.329 
 318.15  9.623E-20  3.513E-21  2.586  1.123  318.15  2.309 
 318.18  9.348E-20  3.611E-21  2.512  1.091  318.18  2.281 
 318.21  9.289E-20  3.088E-21  2.496  1.084  318.21  2.249 
 318.24  8.199E-20  4.386E-21  2.203  .957  318.24  2.214 
 318.27  8.027E-20  3.331E-21  2.157  .937  318.27  2.175 
 318.3  8.022E-20  3.731E-21  2.156  .936  318.3  2.134 
 318.33  7.478E-20  2.949E-21  2.009  .872  318.33  2.091 
 318.36  7.972E-20  3.725E-21  2.142  .93  318.36  2.043 
 318.39  7.953E-20  3.264E-21  2.137  .928  318.39  1.992 
 318.42  7.381E-20  2.97E-21  1.983  .861  318.42  1.941 
 318.45  6.78E-20  3.449E-21  1.822  .791  318.45  1.886 
 318.48  6.783E-20  3.187E-21  1.823  .792  318.48  1.829 
 318.51  6.623E-20  3.233E-21  1.78  .773  318.51  1.771 
 318.54  6.166E-20  2.711E-21  1.657  .72  318.54  1.715 
 318.57  5.582E-20  3.422E-21  1.5  .651  318.57  1.661 
 318.6  5.685E-20  3.214E-21  1.528  .664  318.6  1.607 
 318.63  6.008E-20  3.548E-21  1.614  .701  318.63  1.558 
 318.66  5.28E-20  3.326E-21  1.419  .616  318.66  1.513 
 318.69  5.218E-20  3.866E-21  1.402  .609  318.69  1.47 
 318.72  5.329E-20  3.178E-21  1.432  .622  318.72  1.429 
 318.75  4.369E-20  3.307E-21  1.174  .51  318.75  1.393 
 318.78  4.539E-20  3.208E-21  1.22  .53  318.78  1.36 
 318.81  4.006E-20  3.04E-21  1.076  .467  318.81  1.33 
 318.84  4.317E-20  3.359E-21  1.16  .504  318.84  1.305 
 318.87  4.152E-20  3.631E-21  1.116  .485  318.87  1.284 
 318.9  4.007E-20  2.987E-21  1.077  .468  318.9  1.269 
 318.93  4.013E-20  2.798E-21  1.078  .468  318.93  1.258 
 318.96  4.321E-20  3.565E-21  1.161  .504  318.96  1.251 
 318.99  4.658E-20  2.873E-21  1.252  .544  318.99  1.247 
 319.02  4.735E-20  3.277E-21  1.272  .552  319.02  1.248 
 319.05  4.23E-20  3.048E-21  1.137  .494  319.05  1.252 
 319.08  4.544E-20  3.154E-21  1.221  .53  319.08  1.259 
 319.11  4.64E-20  3.698E-21  1.247  .542  319.11  1.268 
 319.14  4.896E-20  3.747E-21  1.316  .572  319.14  1.281 
 319.17  4.607E-20  3.631E-21  1.238  .538  319.17  1.297 
 319.2  4.539E-20  3.19E-21  1.22  .53  319.2  1.314 
 319.23  4.528E-20  2.952E-21  1.217  .529  319.23  1.333 
 319.26  4.528E-20  3.208E-21  1.217  .529  319.26  1.354 
 319.29  4.649E-20  3.371E-21  1.249  .542  319.29  1.377 
 319.32  5.116E-20  3.811E-21  1.375  .597  319.32  1.402 
 319.35  4.947E-20  2.703E-21  1.329  .577  319.35  1.427 
 319.38  5.641E-20  3.657E-21  1.516  .658  319.38  1.453 
 319.41  5.36E-20  3.462E-21  1.44  .625  319.41  1.479 
 319.44  5.637E-20  3.282E-21  1.515  .658  319.44  1.504 
 319.47  5.846E-20  2.8E-21  1.571  .682  319.47  1.526 
 319.5  6.089E-20  3.201E-21  1.636  .711  319.5  1.547 
 319.53  6.095E-20  3.03E-21  1.638  .711  319.53  1.567 
 319.56  6.087E-20  2.846E-21  1.636  .711  319.56  1.585 
 319.59  6.951E-20  3.574E-21  1.868  .811  319.59  1.599 
 319.62  7.325E-20  3.638E-21  1.968  .855  319.62  1.608 
 319.65  6.81E-20  3.036E-21  1.83  .795  319.65  1.615 
 319.68  6.146E-20  3.154E-21  1.651  .717  319.68  1.617 
 319.71  5.815E-20  3.181E-21  1.562  .678  319.71  1.614 
 319.74  5.972E-20  3.872E-21  1.605  .697  319.74  1.61 
 319.77  5.913E-20  3.712E-21  1.589  .69  319.77  1.604 
 319.8  6.243E-20  2.783E-21  1.677  .728  319.8  1.596 
 319.83  6.721E-20  2.922E-21  1.806  .784  319.83  1.583 
 319.86  7.04E-20  3.872E-21  1.892  .822  319.86  1.566 
 319.89  6.393E-20  3.198E-21  1.718  .746  319.89  1.545 
 319.92  5.771E-20  3.614E-21  1.551  .674  319.92  1.519 
 319.95  5.574E-20  3.026E-21  1.498  .651  319.95  1.491 
 319.98  5.096E-20  3.706E-21  1.369  .595  319.98  1.462 
 320.01  5.463E-20  2.856E-21  1.468  .638  320.01  1.433 
 320.04  5.079E-20  2.374E-21  1.365  .593  320.04  1.403 
 320.07  5.481E-20  2.85E-21  1.473  .64  320.07  1.373 
 320.1  5.183E-20  2.217E-21  1.393  .605  320.1  1.341 
 320.13  4.623E-20  3.556E-21  1.242  .539  320.13  1.31 
 320.16  4.6E-20  2.768E-21  1.236  .537  320.16  1.28 
 320.19  4.111E-20  2.483E-21  1.105  .48  320.19  1.252 
 320.22  4.344E-20  3.091E-21  1.167  .507  320.22  1.225 
 320.25  4.303E-20  3.666E-21  1.156  .502  320.25  1.199 
 320.28  4.049E-20  3E-21  1.088  .473  320.28  1.175 
 320.31  4.054E-20  3.754E-21  1.089  .473  320.31  1.152 
 320.34  3.821E-20  3.829E-21  1.027  .446  320.34  1.132 
 320.37  3.614E-20  3.253E-21  .971  .422  320.36  1.114 
 320.4  3.821E-20  3.276E-21  1.027  .446  320.39  1.098 
 320.43  3.821E-20  3.276E-21  1.027  .446  320.41  1.085 
 320.46  3.821E-20  3.276E-21  1.027  .446  320.44  1.075 
 320.49  3.821E-20  3.276E-21  1.027  .446  320.46  1.065 
 320.52  3.821E-20  3.276E-21  1.027  .446  320.48  1.057 
 320.55  3.821E-20  3.276E-21  1.027  .446  320.5  1.05 
 320.58  3.821E-20  3.276E-21  1.027  .446  320.52  1.044 
 320.61  3.821E-20  3.276E-21  1.027  .446  320.54  1.039 
 320.64  3.821E-20  3.276E-21  1.027  .446  320.55  1.035 
 320.67  3.821E-20  3.276E-21  1.027  .446  320.57  1.032 
 320.7  3.821E-20  3.276E-21  1.027  .446  320.59  1.03 
 320.73  3.821E-20  3.276E-21  1.027  .446  320.6  1.029 
 320.76  3.821E-20  3.276E-21  1.027  .446  320.62  1.027 
 320.79  3.821E-20  3.276E-21  1.027  .446  320.63  1.027 
